368
1723
5393
4298
7472
7546
5004
6462
6516
7792
1344
5150
3564
2837
9321
7048
6734
8313
4842
6840
8565
1706
5689
9100
5459
5812
2384
3759
5915
315
5276
8585
9733
3778
6171
7013
9698
6606
4790
5467
9939
7171
436
7335
9960
1606
512
5574
9517
5331
2874
1963
5896
2379
6085
1277
8495
923
7662
8325
8804
6654
5555
4942
9294
1710
9658
1660
5758
249
642
6097
2529
7828
4382
1820
8343
38
6912
3578
5636
6027
1173
3136
956
6804
2981
2096
6675
2111
9891
1209
506
3878
9160
2632
3606
3821
9743
7659
1257
3740
2130
5820
4071
8831
3254
6834
7135
3691
8523
2707
8206
8434
3754
5154
9877
5721
5587
7250
6648
6210
4036
6401
6455
5674
5984
2384
9049
3598
7102
4604
6722
8946
2106
358
5455
7461
2955
4749
1422
4721
5826
8125
5548
8176
8856
5359
5761
7275
8587
9231
8651
3092
3398
5776
3589
1585
7069
3277
7723
8731
6627
3359
9826
6630
4252
5892
9050
9709
8361
5408
2993
2411
5938
3468
2728
1552
1832
5478
330
9024
4478
3837
6565
1065
1234
861
7453
972
6407
4687
6292
8128
7444
4330
5089
6522
1252
4464
7002
7615
3190
9774
9956
7629
623
4777
9161
7766
5912
4084
7583
5163
3985
6055
9391
626
5250
4991
1423
1184
4659
8491
1969
511
627
482
4595
3342
4296
5258
3048
4487
5598
8720
3232
9603
3583
4781
7026
6388
2745
8975
297
9870
1149
1397
9852
7769
8647
5312
7150
4633
219
4693
1985
9671
4650
1767
7247
6835
9661
2717
3021
6843
2760
2413
338
1294
903
2460
8140
2513
9273
1784
9019
3725
5122
7897
3952
8682
360
4565
3810
615
6989
6744
1542
460
7273
7331
489
8247
8032
8294
541
9570
5304
8741
6903
9580
9880
4557
6399
6941
33
2851
9344
2163
761
3098
9963
8356
2353
1626
59
7137
8808
1542
2609
3964
2061
4438
7586
8586
697
2418
7193
2917
7995
8749
9005
367
8107
2257
7296
7449
2876
2957
3206
8750
2164
5900
9739
85
2330
2996
4213
1079
7639
3367
9004
9456
7703
6319
8697
9105
1576
84
2377
6103
2299
9928
2292
9848
1530
3402
8678
513
8237
1920
2199
8522
704
1925
4655
2072
5610
569
1804
841
7985
6505
2904
5047
7322
5974
7439
1084
1514
8974
4899
6822
982
6225
7699
6667
5616
7390
1480
1735
3799
6196
7490
4781
7926
551
6348
4198
8777
5884
8853
5969
6301
1314
4772
2447
9595
6524
3096
8146
4958
5607
3398
2222
2742
8049
7088
9490
8140
4871
907
9880
7520
7075
8454
6924
3136
7198
330
2854
3818
5172
2869
1107
2105
7626
5404
207
7260
3956
2992
2918
2080
8821
388
4393
3230
9944
1056
8770
9888
5411
3160
8955
6673
4009
2190
8444
7525
677
509
7129
5929
6744
7243
7501
9188
7198
1290
1966
4772
1786
1628
8359
1358
2138
4261
8351
2615
7186
7395
1813
7626
1500
356
1723
4224
8032
6110
6394
5112
19
950
2327
5030
3506
538
47
359
1252
1415
6752
1773
118
4547
3235
3006
2225
1912
6553
3934
8683
3712
5402
7946
3082
2377
257
809
3031
4282
8277
4450
5529
4960
2575
4243
8317
8058
3702
9894
3915
298
3847
2632
5571
7844
6247
7406
2211
1641
1954
5007
1649
9959
2184
1762
743
1255
282
1412
8011
7954
2694
2820
2730
7973
2743
884
7373
7213
6221
6897
5881
2772
3781
9053
6447
5579
1927
1851
7675
7891
3991
8380
7107
9545
9058
7230
9875
8237
454
7763
6480
6079
2599
415
7037
3049
1650
9630
9161
1126
5969
4000
7269
3170
4900
8012
4805
5931
9085
9044
5037
9551
2612
6027
2326
1818
9775
7494
2173
6377
2336
4909
7707
6827
7511
7867
3919
8254
1247
9094
8583
5722
7197
8896
2724
7473
7419
6222
2065
6027
4565
4027
3810
9702
812
1564
4186
1059
8515
3949
7129
7242
1031
9002
3586
1955
1837
2687
8888
7344
5769
1575
1713
2521
3787
8563
708
4135
5525
9614
8954
2457
2333
3237
9122
1349
4800
3134
2018
1651
8725
4416
3118
6958
4257
4711
4980
1044
9283
6412
1381
3885
5980
1084
8949
8207
7296
5945
7577
8570
7578
5797
9494
761
8216
300
2366
3438
8417
8386
7300
9180
2824
3011
7803
102
7057
4553
6372
83
7909
7850
8143
3917
2641
5656
3003
6636
9831
2895
5102
4299
9462
3599
7559
12
1089
8031
7733
8920
8459
9640
5602
3371
960
9692
985
9596
1568
6158
2726
8424
828
6043
1063
2793
1679
1716
7467
1709
7466
1778
3789
2724
4754
9223
8907
6901
4313
331
6650
6551
2454
1234
2888
4302
7560
7549
293
7100
5895
5894
3383
2295
7712
3962
8957
7505
8156
6534
5695
2987
6716
1182
3622
3707
3780
178
8275
3093
6010
8170
5808
8099
6735
9361
7481
2420
8446
7015
9365
8581
8906
3758
5874
8446
3158
451
2292
5746
2877
5989
6594
8290
9409
6184
6620
8499
7120
3371
2028
9642
3924
4715
9601
5143
7480
4275
6980
1820
2124
8793
2702
5451
6008
9993
270
1042
6499
9555
7737
4215
3002
3179
3852
175
2299
1097
8625
9864
7311
5074
3684
1279
1619
2286
2020
528
4490
4109
6990
9909
2959
3537
9908
5460
6827
7683
7926
5499
9349
8268
2320
59
8204
5170
6173
1532
389
3189
7541
5932
940
3913
2696
9495
5381
7508
4473
9987
8733
4971
5289
8841
5539
568
1726
9038
7492
9597
7221
2067
2619
5250
4353
4901
6088
1034
3099
2810
818
3949
1838
2441
3297
5074
4723
8165
2135
9914
2381
2442
3147
6600
4118
9921
8136
2397
2297
9830
8519
4576
8223
1339
9616
2963
3175
9813
4400
2694
806
17
1549
8423
4246
567
9227
8612
9126
8933
1247
2694
3769
4714
7783
1746
4645
9867
1156
401
4824
6836
7571
4613
7750
1548
6020
5900
7779
1683
1106
2527
83
9192
3262
2447
412
2532
6382
2422
7414
3133
9799
1154
1897
2130
7809
5183
2314
2978
8330
718
9328
7835
2272
7670
2390
7350
3373
116
2500
3002
5477
3864
3318
8548
7652
275
1722
1904
6554
9407
5164
4946
7161
571
5200
337
6876
1106
7458
9748
991
4121
9905
9062
8594
7048
8416
8917
2581
7149
2463
6961
9123
6029
4171
8165
2787
1776
5018
3354
9722
9968
1816
8999
2850
9820
8874
7925
6540
3994
3686
2219
9778
4389
9652
2685
5546
1706
8698
5303
6005
6023
9665
3025
2089
8118
9994
2937
6292
8249
5307
3705
6335
1334
8318
4763
5901
1747
5896
5526
9146
2919
8290
6446
7490
3286
9192
6511
4274
8042
8042
9061
526
8967
1576
6530
9894
6210
413
3659
6821
3198
605
9830
1245
7116
4096
4918
7647
150
3278
3610
5762
9850
2567
6668
7973
1322
9262
635
6568
9962
9591
1120
8647
9910
3533
2619
7594
3216
4296
7654
4144
9100
7189
7989
8015
5122
5852
5337
5646
6386
5396
7590
140
1903
6910
5260
9472
5089
9995
3156
5153
5874
373
9745
6538
993
2760
202
9183
3995
1659
8579
7289
5752
8432
4257
5184
165
5759
6414
7846
904
5504
1635
5471
7197
1436
4637
4457
4487
2277
5798
2234
7074
3418
3957
2190
7798
5047
867
1834
9540
9755
6386
8596
784
5319
4541
2562
9638
1404
5184
2696
8369
9450
4850
4471
4745
8708
4604
7261
1667
2704
1802
9222
1100
6934
1533
7185
8140
6895
5526
8821
146
4852
3020
4162
3923
8128
3840
6303
2119
3676
8568
7181
7755
9920
1089
2947
9784
7484
1861
6473
839
4525
4097
9117
4996
766
5050
9424
526
9625
3233
4748
1881
8217
286
9654
9189
1329
7331
1603
5079
2342
7349
6029
184
8658
4321
3494
1250
7121
7391
6486
7613
9904
3288
7544
1798
820
6767
2185
4580
9812
7770
3312
5661
6083
9682
6296
2621
3806
4995
1012
3671
346
2060
9506
127
3982
510
2974
2345
5469
4039
1124
2415
6443
5210
1392
1781
6150
4233
2724
9736
850
9936
3750
8240
6368
139
522
2990
7441
1553
6660
4096
6378
5415
4096
4887
9469
4193
9454
7955
4585
8978
6313
7375
5233
6108
7005
4624
9089
3110
3753
937
5046
9797
4634
6798
36
930
5984
7932
570
9446
6190
84
8543
397
8892
7090
8284
2446
6578
3260
6494
9236
5728
1901
2742
8245
4100
5051
9419
947
8921
4157
1892
9444
5210
2439
332
6809
4280
8288
556
2712
5435
8237
8475
527
3108
1278
988
6167
6592
8602
4023
4465
9036
2710
562
1468
1953
8072
8699
2936
5208
2891
7409
721
4542
7922
9637
5666
2150
9982
2587
4809
1610
2070
9975
8788
6808
9709
4432
6059
5999
3272
8769
2616
7424
3246
8671
331
7563
5758
1362
3670
8238
6277
9983
2158
4714
3265
4623
3351
5829
791
7302
3027
4341
6973
6521
4700
923
488
6877
5103
921
5149
2708
51
53
375
3669
8350
5800
5678
6301
3737
7238
4159
3016
6692
5404
7570
7093
8559
5392
6522
7634
3372
761
1822
2134
6799
6603
2900
648
5185
5087
8215
8837
2886
5722
8077
7467
9121
1287
4528
7766
4744
3475
596
7043
1421
753
4394
8096
6563
8129
6789
5082
3218
7951
1527
4626
4940
2215
9506
5034
1851
2713
48
6234
3696
2914
8639
4597
8764
5956
4495
9457
6447
7935
3569
6896
2029
7044
6325
1728
8364
9040
8463
1796
9073
2320
2988
5031
7536
6118
1165
9438
4141
8462
9547
838
9863
9918
806
3465
1159
603
9509
4433
152
1588
3267
1530
1200
2400
2152
6508
9023
9463
3576
8891
3831
9975
4382
7395
4059
6218
6255
3822
7580
6414
569
5635
9030
9643
5438
3706
1975
2373
8190
7045
5231
5674
9276
6811
4807
1402
3669
4091
7650
2551
1225
4439
6339
8895
2728
1014
6138
1895
8352
1005
5170
9378
3984
7455
4653
9428
9541
3733
9506
3504
4485
9730
6824
773
5548
4759
454
7789
5891
6615
808
7473
4039
8997
4994
8618
4414
1176
6151
6197
4966
461
8381
7514
5558
4164
492
5241
3072
1342
7506
558
4660
2947
2481
4263
343
1077
6088
4362
2578
2038
2119
3990
890
2886
1434
3
4999
2613
4671
9668
7428
9958
1608
6144
2118
7736
6806
7398
104
9069
5153
9720
3010
4456
7769
393
5757
2438
4997
7720
8829
5185
1345
2781
1946
8962
9340
6446
6700
7865
7209
8064
4905
934
5582
7135
9503
1335
6359
6843
5561
3946
9078
9205
5878
1472
6193
6678
337
2836
2397
5343
8261
3146
5268
3367
8632
3242
8392
9850
402
5559
8414
7588
5422
8450
9961
4694
2413
4633
9397
2779
6759
797
452
4946
4792
5130
6412
5970
6056
9869
5541
7898
4104
8091
2495
9288
4457
5783
3228
6367
4917
8284
9642
512
6071
3519
6834
4571
1775
4504
34
9123
5717
4190
6446
1283
338
5751
4619
4470
3015
9999
2316
7666
5971
7836
7540
1808
3312
1674
9842
7691
9809
1986
1628
244
7053
2198
7481
8301
1173
4629
4635
8054
2187
3933
9348
2074
2023
8247
7998
276
1997
7592
5597
9815
4432
8520
1513
5965
6068
3931
9884
7050
2263
1307
2202
4455
8974
7778
167
1727
745
773
8054
3256
4704
7026
1048
1229
4214
9622
8045
7718
9181
1602
2290
8129
1725
3954
9687
4284
6052
7613
4624
3696
6331
5081
1608
420
9004
7323
1456
2328
7741
4600
241
7610
5483
6166
8696
5948
4275
9791
9486
5878
1100
7910
1299
710
8186
7407
7924
921
8119
3640
7969
4371
6012
2046
9899
3482
4915
8759
3576
4650
4617
8460
5181
4184
6123
7278
6514
9714
6519
901
1948
9049
8768
4509
3468
6996
1872
9993
6574
6237
8438
8896
1288
5462
7090
144
1010
8494
4125
7215
8013
337
9008
5489
4797
2493
6203
2827
8021
8185
522
5189
2889
2340
6450
9299
5077
7360
523
2890
9616
7691
5145
949
1735
446
2646
2252
8697
8103
2135
938
8594
6508
4667
8159
7837
8574
1979
2408
3162
5971
6631
4703
7515
3207
1804
8347
5615
1505
6661
5416
4196
5666
4637
6214
1732
1739
6432
3611
3740
8751
3294
7168
248
6296
5642
4315
6225
1684
8616
971
8782
6334
4651
8332
140
8689
4787
8664
9820
9531
8375
333
4386
4912
505
5615
3315
2617
6446
4
8968
8896
5158
1295
7227
1734
4543
3434
3459
7211
7791
6816
6434
2688
876
4646
8572
8755
3797
8902
4998
6903
3387
1158
335
7702
3266
3852
928
8852
8530
9377
4125
5512
5363
7801
601
9687
2969
3158
9928
8990
4291
4715
8286
8398
2150
4449
5532
3084
8861
4003
3401
5693
3477
3863
3267
7222
384
2568
5044
3301
9701
6401
109
6103
5499
7143
6547
2303
8655
3930
197
4675
8477
9234
5668
5255
2836
6553
8043
4709
3553
4810
7431
997
4244
147
8131
605
3915
7299
3599
4018
7587
1703
9903
6851
7553
371
4556
588
919
2948
2780
227
2747
5849
129
7021
8072
6900
1982
6359
2229
72
9189
9259
8315
9077
7313
9280
8643
6932
7745
1517
2187
5040
5559
5087
8064
8284
5677
2676
2879
51
2282
3297
5002
7657
2864
3355
9499
361
4112
9381
3146
6178
9148
6737
8889
7963
320
2626
3917
3756
3
2141
5825
590
9182
5000
1693
4850
3209
2801
3830
6967
5642
9483
1329
7277
3627
4144
8274
7939
7580
1499
9723
313
3258
7602
5326
9620
5580
6557
2296
3262
9580
4969
5038
7104
6460
9436
5158
4141
3033
3430
9972
5075
7934
9513
1464
1128
3223
1600
4166
650
7433
8623
9031
3919
2971
4583
7783
9752
2658
735
2782
5795
1673
7087
1779
6308
6006
9650
7529
1655
5544
6266
769
3168
2436
9420
3979
4700
2285
5330
8122
8564
5247
6101
7439
4083
7412
208
5403
2436
1463
2272
2170
4775
545
6813
2748
1332
9312
8273
4122
6201
6681
9845
637
1150
5558
8347
4356
3368
3246
4376
3292
53
8286
7573
8769
8736
4579
2611
6902
9619
9777
5348
9491
7620
1210
7156
5583
9074
3418
3525
652
8943
8619
5413
2791
660
1110
5441
3969
3507
7962
2122
9947
9751
830
5079
4153
1618
9495
14
2004
9701
243
6965
2116
9117
5515
1656
8036
6638
873
4495
3406
3726
1239
290
2799
1316
3470
6068
2195
9843
2915
954
9494
1445
9664
5627
3941
5156
7255
4954
6314
2188
3962
7432
2435
3233
7328
9318
7269
4046
4535
8739
5067
6612
3450
6181
1084
4806
2410
4590
9761
1746
503
8305
4604
4497
3822
6831
7871
8644
6615
4449
2114
2220
7658
6478
1602
7480
9871
3604
8199
8510
9715
4023
842
309
9810
3593
8841
6163
8493
1205
1009
7256
1670
4338
926
8182
7679
3001
867
8008
3571
7367
2721
9284
9421
1691
470
2909
5782
1240
1955
2921
7207
4484
1466
979
1838
8388
9863
9680
7946
9792
2734
4295
7211
3402
3625
2260
8995
5070
4301
4062
6178
7637
5594
3198
1114
9479
8425
983
4894
9812
5256
1631
3952
2057
8202
9958
1810
9825
6856
2031
5270
1219
893
614
4398
8405
9664
7327
4244
7868
209
8236
2383
6329
7314
813
2789
5218
3384
1620
2780
4931
9840
3942
2245
9806
5439
5744
417
7735
7266
5296
6769
6146
6182
7775
9193
1551
2103
1176
5713
2183
4687
5859
9851
5013
5935
1792
6366
1645
7903
3686
7232
9144
1011
1273
7869
1260
7799
3385
6009
1632
6412
3776
7864
9645
8076
8572
9492
2549
2908
3557
8595
6296
9140
611
9832
4333
7584
6031
6969
7060
9543
3520
5983
4603
9248
3595
314
2011
2752
2972
9398
9127
5996
160
2502
7573
3032
3876
5626
4288
1347
8833
944
6687
5258
8923
8007
9624
8516
4558
9627
7656
3782
9375
5542
4754
4384
8120
7518
6026
4874
4403
1918
6855
1998
6848
898
417
1150
3914
2803
7258
473
315
4760
799
6889
4352
1928
6107
7624
5788
8016
1877
1217
2771
7759
4641
7014
6246
9809
1475
7211
4649
9582
5493
4235
4784
1919
180
4414
6515
1101
5498
9437
2513
7822
7905
6864
5846
5524
4305
8270
4705
7499
432
2529
263
4741
2524
9502
1353
338
6937
8280
910
3262
8351
5310
5412
8711
6875
912
1587
8132
9629
7864
9066
4367
225
9414
5787
2413
9830
8438
3827
5472
1973
5546
8904
744
8181
7544
7442
6304
2232
2406
3472
9324
4845
9787
2908
2664
4691
4503
1948
1761
6379
4309
6344
3284
8168
5445
6466
4456
9530
8299
3625
302
1186
8674
7976
4870
8370
4824
680
4492
4205
4454
1237
3005
4937
3960
9656
4547
5086
8931
2598
1596
6330
2734
1416
4678
3360
6985
3356
3226
2591
3592
7108
7763
3136
1282
3313
1956
1859
8330
9488
9266
2706
8337
3183
3762
9714
3489
7436
5331
833
8903
3789
1683
3063
3277
5864
9546
7754
2605
4552
4186
721
2504
9658
5060
154
6391
1955
6330
9043
6632
3190
9791
8075
923
7831
4899
3669
2185
2890
6288
8736
189
5566
3026
4253
6627
1992
6386
5136
4213
5474
9431
5711
2035
8195
9118
1322
5595
4235
5456
220
6063
1590
4988
9011
8311
823
5095
1695
5340
7568
1568
7056
1784
9112
6367
5085
3427
272
6637
60
5447
3012
653
5728
6674
9602
6704
380
3078
636
2775
6124
4989
2432
873
808
7508
5074
7663
5417
6151
431
188
9227
9983
247
3864
1216
5263
3401
8238
9113
1185
2375
5832
5531
883
9867
1725
2988
8944
1655
17
6005
5338
5157
639
1437
2669
6724
7979
193
4108
8193
1099
4915
6494
6592
5915
5599
1565
4227
2871
1715
5911
1665
3764
2827
1750
508
7137
8937
2539
1070
8274
7818
7304
7573
4180
7928
872
3926
3759
620
6051
9544
3276
4104
39
6621
8234
2400
76
3999
1977
4224
420
1865
8528
1419
1093
2506
5212
9528
6208
1135
8204
4553
1865
4845
5917
631
8163
5232
9314
8991
5366
9046
6794
182
3377
3198
4795
5504
8096
9582
9916
9525
8196
4196
302
5244
4542
3591
1265
5192
3152
4247
3711
4332
2440
739
1832
3319
6685
1199
2339
4921
2311
2043
7359
5834
2795
5960
6863
9132
3104
941
5528
7798
5952
1938
2159
5799
2651
5152
5902
8213
6502
1811
170
7464
1134
794
9007
9535
3526
4559
5545
9972
2908
1162
4674
8823
2769
4261
5370
2945
107
5678
9844
8381
1182
6045
3575
9754
1279
3082
8170
5816
144
3450
4238
6283
936
1234
4529
7177
5308
7896
2187
6707
7230
6980
6565
5312
6185
859
4942
3579
2162
5207
9968
7014
9999
4096
7345
6863
9977
6309
5950
6532
783
8651
4502
8332
6764
4128
2759
4015
7917
7093
3523
2641
5975
4151
8507
3670
8348
4716
1396
7583
3947
2125
8086
289
1959
7752
6916
3470
4778
3810
8424
1627
6109
1928
8193
0
4828
7039
8355
486
3332
3620
1964
3588
2503
580
5937
2407
8778
8769
3543
2726
8074
2640
8959
6864
6430
6540
1259
9897
7412
1524
197
5941
9415
524
6014
4763
8977
2810
7614
6713
1010
4518
9827
5270
6941
1286
468
148
6696
2360
6094
7978
2037
701
9262
3466
790
6535
380
7560
6237
3239
8857
258
2261
4618
7931
3557
3648
5221
8577
2486
6430
6516
9787
3772
8604
4229
6712
3929
1447
1929
7545
9702
2365
5179
7900
9238
3605
625
9100
1813
6468
3003
3664
3727
1779
7042
7575
8050
8402
2384
3527
819
1551
8933
2564
1197
1123
3695
7760
678
8432
270
8127
3259
4800
2049
4270
8480
1116
9204
9449
2009
4165
9369
3537
7736
6245
8169
4596
4065
7247
5618
9488
4989
2027
9946
5681
998
8658
4646
3681
1537
6318
9135
5216
8052
5745
477
1927
5979
7574
3005
7843
5856
3760
8879
1227
3242
8993
3349
86
3427
8470
6747
5542
1451
5297
6038
8276
6849
3197
1977
2642
4937
7217
7784
2514
2133
7188
9563
4920
5318
1326
760
6243
2853
9677
137
714
5622
4791
7059
3575
3044
6081
3429
586
7510
7433
5839
706
4980
8432
2716
7599
6185
7545
5600
1642
2778
950
3213
4121
6467
457
7759
580
1248
2400
7596
620
1628
7021
3433
6787
3927
3805
2247
404
6531
7905
1539
9589
9459
8130
1608
6607
2594
4840
8971
368
743
7093
2699
6171
4654
1177
7347
4333
40
4032
1396
3466
9483
2268
6275
8564
6167
4521
839
8759
568
9210
9147
6021
2080
9975
5108
9801
800
4102
5711
850
5651
6770
590
7328
2877
5802
