5961
6087
1030
4711
6259
6267
5686
2189
4974
6977
5105
779
5465
4476
6760
4702
1772
7592
5838
3661
1098
212
770
3436
1888
6779
9448
371
1735
3261
9512
7937
3805
409
3453
5150
5958
3545
4526
6559
4751
2654
3574
2367
1490
8321
3617
7930
4807
7850
8860
2268
8410
5140
8821
5172
2931
5571
5031
8252
4989
208
8847
1708
2146
7022
898
9973
695
6531
1197
6995
7493
5755
7867
4287
9230
2701
9892
4464
639
6961
3708
5950
8480
1446
3490
1773
7114
3465
138
1661
8664
3947
7784
163
1665
324
1237
5585
3413
661
5633
3695
9025
9600
3495
2450
8103
8427
161
866
1109
4799
4159
8874
4747
348
7431
3312
7709
4888
2471
1741
6709
7357
9592
6278
8695
2119
829
4129
2957
9144
2110
6693
3940
9790
7111
9797
5707
1758
8761
4000
796
3735
9248
9296
7091
8842
7091
4382
1275
6033
8200
7536
6985
8050
9118
4138
6547
3197
6648
178
1598
6403
2057
4106
1824
961
8154
6315
6906
3946
4266
9846
3258
9561
5299
6920
8671
4222
1912
4198
6136
3222
4968
808
2714
9551
6224
3163
9936
7897
9385
2177
7211
9994
3798
206
8725
8648
9582
3136
8786
2313
4457
6498
5415
4719
5372
3652
7477
1885
9664
9142
4184
527
4996
684
8755
6726
4591
6620
3383
9356
6323
3738
6156
1174
8920
6382
4292
2984
798
5429
2327
1733
3195
4415
7437
697
8586
2164
537
6375
230
4138
7209
376
8304
5756
5209
8731
8945
3949
9429
4112
941
8485
778
4133
9000
2423
3139
5296
3087
6226
2366
3874
1316
485
8005
9358
7851
8417
4322
7902
5023
686
4101
5707
5002
5672
4676
7007
6208
4994
3987
2553
6143
901
3317
1154
3421
5183
4832
7769
4
5011
449
621
3318
8389
2100
2000
9551
5605
5483
1381
1807
5712
1630
3799
647
5205
3858
1065
7613
6285
5578
346
142
6882
4358
9487
7426
3903
263
2448
8339
7969
5505
8599
5243
273
9242
7848
7727
7161
3258
358
5682
3789
5218
3317
7899
1272
8500
7840
5493
4142
6731
7107
7826
3285
688
3731
4200
1724
2008
9594
1170
8491
8821
3364
1766
2247
7642
2999
190
6934
4448
5905
8183
3905
4169
4614
6933
4031
955
6405
8259
6540
4731
7486
6182
1582
3828
5238
4862
4708
7511
8683
793
3284
3190
8104
127
7934
4532
219
7523
1688
1532
7843
5825
5524
2177
3938
2842
4928
1365
8428
899
9067
6970
5848
5865
6682
8290
2673
7760
8211
496
5194
1337
8016
8183
5076
1380
7415
490
4131
517
4019
6607
5629
3052
6289
4711
1399
9208
6299
5978
294
4226
3445
8
690
8807
3887
6605
2020
4062
3183
3125
3748
341
9128
6559
8966
2135
4435
1038
5642
4511
8454
3454
3257
5571
5898
4689
9650
3192
1568
7018
6258
9317
8855
8061
8152
2660
1264
6779
6322
1690
4348
4367
1485
5048
5709
5055
3918
6919
3482
8451
2623
5791
1205
7779
3697
8624
3238
2559
9142
3082
1512
7782
5257
1547
7592
4536
4846
2025
6866
5004
6213
2104
2558
8750
2525
1572
4832
8425
5674
4035
9249
6170
3804
6288
491
6474
6404
7228
767
2980
7613
1910
7284
5375
3266
3927
5883
2694
3137
7606
3989
5268
1773
2451
9493
8811
4778
2314
1376
5151
3586
7717
4033
5915
4912
4600
6367
7052
5240
8868
2541
3922
8861
880
1947
307
8256
9722
409
3343
7543
1980
2755
7112
2008
1008
4723
223
7456
6221
8619
8462
3247
6510
6690
4146
5233
1550
3088
8468
9545
5684
7556
9310
2827
350
7518
190
3970
6026
5763
5725
9362
6626
4672
3770
7748
6833
2178
3131
8406
8653
7705
6732
1242
2950
7291
8169
7204
8335
7999
3108
7161
25
6204
4468
1337
3690
8872
9670
2769
5330
2062
6239
7646
1054
4546
8819
4149
5381
5623
4378
3558
3110
7816
4268
142
31
5592
642
8693
6192
7868
8852
928
979
1563
8969
2392
3055
7087
6383
7789
7
7729
987
836
6548
5790
158
6336
3449
2160
9510
5887
2911
6371
8320
4007
1330
6074
1298
1444
1852
3241
6488
2517
8063
3482
10000
9805
1239
493
6047
9642
9689
5464
8205
5054
6059
6876
2474
4163
3721
4847
6798
1049
6454
7311
5782
509
3607
5071
1051
8269
6295
8116
7487
6381
8612
3841
7155
7482
7531
4147
8798
5128
6951
9837
3466
6687
9070
1620
2783
3690
2426
1015
5217
7555
7038
5462
9191
8910
540
9116
8740
4781
7738
368
213
5514
2979
2855
997
3445
2795
4990
882
9726
4186
5288
1377
3005
4482
247
593
3199
3652
888
2216
9314
2410
8617
9991
2876
811
7718
9091
4251
24
5175
1045
9648
8255
2231
3922
6809
3902
7151
7462
3358
6985
6324
9956
721
4326
1263
1858
1952
5787
6175
2084
2152
682
5720
8529
485
224
8861
8978
2666
5082
3221
6446
7950
6171
1641
32
1488
9652
5846
7263
7416
2922
5229
4779
7448
7703
134
6780
5335
9286
5902
3454
9553
8572
9794
682
9418
3705
7264
5301
9816
2826
3278
1445
5527
4870
6769
9143
1068
9939
4729
1203
9148
6377
1621
2722
9355
6372
3623
3856
5875
3519
6786
7390
845
3976
2715
4004
9870
7508
3909
9285
2913
8963
7658
2490
8186
3797
6399
7499
7560
5126
4980
4464
7317
2228
6261
4911
7869
610
1659
3778
2757
4166
3829
1847
9638
4311
6320
8522
3553
7592
5012
3137
9340
3415
2999
6341
7493
3000
9969
5592
6537
1916
1018
3563
5209
629
9914
4109
4025
3950
197
862
9359
9931
8176
6095
4227
3857
2397
8243
4906
7066
689
2858
8170
7753
2092
8524
6767
1464
5493
3590
9540
4545
1954
5960
4845
6926
7361
7077
6988
6864
7385
3975
7182
2193
6881
1400
3701
1657
9012
3944
843
8412
3480
676
6694
9132
3998
2078
5204
2594
2465
675
3864
4298
1307
9647
6402
9116
3853
1801
3867
9114
928
6624
5917
1600
6649
74
7720
9508
4653
8460
133
4434
8298
1594
1889
6313
8995
9796
2948
7022
5099
4348
1704
7454
9062
5302
2086
4851
2543
9541
5846
8115
4675
8039
4082
5725
9562
8009
8711
9871
2640
6384
9796
3302
8988
3468
53
7434
9617
7231
2910
9687
6697
9730
7330
4261
3346
3605
9248
2843
6774
3077
8673
6455
3722
8696
2552
3136
8292
2405
9164
9035
3635
8013
3828
2050
7467
155
9765
4690
2736
8826
6757
3428
7616
9394
3291
7144
604
4806
2212
8708
1028
3230
1519
2263
9276
1063
7337
3244
4058
9390
3992
1335
315
1344
8935
4253
4837
3847
9328
8204
3137
8540
4104
3295
1825
5102
4611
9913
5823
7735
1406
6507
6927
1039
4901
7434
899
3781
7959
9647
252
5419
4298
6426
4000
2123
5805
9415
2954
1069
5111
3085
8763
380
6906
2093
4366
6682
706
6100
1055
5195
4373
8386
8123
2230
8296
5358
3421
699
6716
1086
1730
9077
3644
1617
2464
6095
5571
5185
9370
5768
9665
6549
8580
6518
9314
9904
6965
9850
2008
2457
6087
6160
4925
6179
1838
3450
7720
4752
3052
3661
2804
7828
7394
8508
5788
8294
3989
9069
1976
8431
2577
505
1243
4163
3811
4389
6705
5816
803
9685
6832
412
6076
2023
3855
4849
7879
5434
654
2927
2436
7671
9390
368
16
2081
1811
9231
9672
3280
332
5944
2142
6892
2611
5890
5299
6768
7561
7358
3158
3068
5197
3992
8788
9570
5360
1047
8534
7645
8682
4304
2587
9280
8545
7857
3512
9686
7317
8012
9106
2367
1049
880
8448
6546
9158
7819
8023
11
810
5736
8076
4816
9159
147
4379
3493
1525
8168
5059
8883
3353
6407
5173
3222
1382
8629
6249
3034
2504
657
8547
9663
67
5721
5182
9205
5497
4784
6243
8581
6224
2266
1230
2874
7730
5515
3074
2153
1940
4839
5694
615
2659
4851
5259
7273
1532
4490
4667
3262
9952
9854
4280
9800
5951
5162
5453
6829
8931
7013
3390
308
8893
4727
4678
1751
5142
2396
1950
7625
5920
7963
3995
8417
3684
67
9245
2811
4738
1541
8272
3012
9041
6351
5873
6995
9608
2450
481
1196
4372
6981
9335
2923
6296
7328
531
1334
7058
9942
5475
3476
3478
5131
9666
9085
744
3328
1863
654
5425
9210
1033
2742
7739
9681
4733
9431
6738
7217
8532
1563
3026
9869
4819
898
1472
3207
7861
1265
1966
5124
3628
5675
6433
2106
2462
7969
8790
546
4043
6056
7134
7936
82
9281
546
4512
2959
5980
4147
5120
3403
6750
5956
2958
865
1487
1069
1509
5803
5662
6418
4051
5571
2530
9887
3901
3633
3498
823
1968
3653
7626
8815
6019
2198
9628
6123
1296
7104
4728
7251
7773
3156
5444
6497
1318
3958
6174
3124
4084
3452
9916
2589
9156
92
9910
527
3752
9568
9298
8185
9372
44
4984
6315
8993
3791
4644
624
4453
3122
150
5302
1758
8619
7394
6122
6804
1442
8839
2585
1532
2525
644
6758
204
8900
7815
1585
3074
9333
9566
4555
422
3103
6963
3282
8549
4922
5158
2811
8556
9543
9699
468
1205
7238
4027
7326
823
587
4007
4704
589
7479
8036
7098
9267
4318
6928
5110
506
798
8398
5094
1891
7449
8217
6110
4359
8973
0
6911
4418
9344
6667
8054
412
4621
1631
7594
1440
728
9199
2823
690
2127
6676
2388
5322
8003
5008
3448
6043
1862
2743
2824
149
688
853
5580
31
8229
1506
4507
9578
1535
4697
4531
2897
8441
3305
757
1128
8684
8934
7554
5044
2162
2183
1079
849
5791
9780
6420
7047
7936
3466
5850
6277
5603
3579
8085
2691
3780
1722
3101
9737
2746
3390
746
4366
498
658
4961
7252
1603
7748
2205
4940
5556
1710
7806
3513
3737
335
443
4224
8803
5992
3397
800
1432
6603
5500
4274
5050
6693
8101
8923
7829
6505
3799
1672
5121
3875
9223
9569
8945
6108
6546
4131
2564
3780
1078
1011
9334
139
7489
7657
7176
2460
1412
5871
1414
3131
8545
1605
3300
4955
3088
692
1080
9788
295
3826
2943
9236
8417
2020
965
1534
7037
6672
6654
637
383
2421
232
9950
8192
8043
6145
3436
8371
6375
6741
6564
3098
8426
2420
5454
4148
1088
1054
8344
4114
6010
3002
6365
3285
4942
7082
1861
3350
8430
8062
4672
8572
8641
3286
378
1718
6437
8863
5970
786
2066
1231
3996
2490
266
4603
7281
1840
1383
9572
3635
4522
9079
6248
9694
6113
3972
9524
1446
6410
4712
9681
3511
3199
2656
2466
3621
618
5255
6714
5422
962
7122
611
2395
9876
6406
2572
5831
1344
6182
756
7487
7607
2356
6188
1718
9668
235
1461
91
7301
2698
8248
7043
1765
5708
6110
110
4447
8505
3365
5500
9517
2393
2248
2819
7356
682
6150
8967
6947
2050
1972
5932
2114
5190
923
5547
9180
3549
2108
7538
5593
1740
5362
6218
4668
1258
9999
5014
160
4648
289
8611
3138
8428
7710
9180
9218
7421
8193
5865
1951
9886
8225
7278
5072
8437
1814
3608
6005
2041
3502
8352
4378
6737
5455
6402
8639
6834
8132
4012
2055
5225
5
8496
5847
6712
1350
3072
2812
6248
3782
7747
6973
1806
997
9401
3249
1386
6533
9384
8547
1165
1779
1800
3534
5222
3913
6089
6365
7927
9414
1320
3555
9953
2950
9753
800
844
39
145
2048
274
563
8446
9281
3640
495
1837
2372
5216
5650
9796
5668
7394
1326
8765
6318
4049
1476
2422
7807
9265
3241
8093
7779
5001
6346
3570
5090
725
7831
6400
9278
9743
44
8518
8918
7221
9160
9060
5885
3620
131
1177
6403
6832
4767
842
9716
8427
2907
9738
9880
1742
9856
8262
866
8164
603
5164
8396
598
866
4731
9582
1454
1563
3617
2872
3061
138
1061
6248
3403
7917
4870
9546
9813
7884
6565
2082
2750
7211
3905
1938
2822
2429
7487
983
2859
5407
7987
8547
3438
751
7587
3965
6174
1561
6900
319
5079
4874
6717
7387
88
3526
7901
7474
991
2570
5482
4347
3250
2873
7906
5528
1026
8023
8305
861
6115
5381
2207
9858
3942
3128
7313
2580
9086
1292
6529
2733
7525
4876
3338
6411
9790
3485
8316
1297
6181
8207
4842
5633
4202
5403
6481
8185
1447
6896
1498
5900
4357
6907
10
8741
4538
3033
4863
1475
2621
3342
5884
4564
984
7226
3351
4344
32
8427
7715
8701
9178
1952
1845
5667
8543
1393
2250
412
8084
2819
9219
9313
1644
2918
8985
6623
7480
150
1262
9842
772
7577
9889
7779
7407
6776
9905
6911
7024
4590
4672
510
4939
1743
6876
5681
100
1467
3277
449
8329
1318
3502
510
9220
148
3288
91
7534
6017
4435
8701
1644
9236
7355
1336
3439
5354
816
5908
4721
4647
1053
9809
3531
9883
7520
3522
3438
9995
4611
9371
606
7570
4582
6680
7082
779
1119
8872
3618
3137
3107
6248
4022
8928
4822
8953
6867
5119
2390
1695
1427
5898
1388
1070
558
4506
7920
2490
5026
8559
5960
164
3426
2530
4337
2577
9292
7932
1376
1874
8695
2589
6440
3820
795
7690
8440
5536
3282
8595
2626
5638
4526
8768
516
3499
1629
7722
7084
1112
4083
9117
7003
2048
5157
6960
7960
6401
3717
8114
4094
2478
123
4076
2555
2740
1
2016
8179
815
3532
9189
6074
9909
4470
8433
3446
3234
6621
8723
405
5869
9444
7698
4193
3226
6408
1968
7909
4572
2694
9135
9340
7629
5363
7334
1564
6426
1581
9345
4325
8503
57
9315
2628
5461
1388
856
6239
5868
7854
3849
8977
2549
8348
7971
5380
8774
2725
7109
5806
7840
296
2083
6121
8737
5085
8405
9493
100
3807
9411
6451
7380
9477
5404
6882
9101
9459
5172
5188
3714
7936
545
3773
9885
2145
118
4761
8252
9146
3465
6030
6744
6541
4609
5656
3473
7405
3587
8380
4693
1083
3387
4376
1534
6734
7628
1472
5198
4235
1946
4196
2303
3054
6147
6502
7736
1192
8398
9118
1292
1004
7828
4808
5726
816
7376
9810
1180
3287
7737
6814
875
8757
7905
7441
4478
9504
9757
3833
4156
2090
8772
5523
9791
5473
9236
2506
9428
9830
2888
1043
4558
2869
1419
1360
7282
8651
4272
9921
3615
3227
2013
7410
5532
7865
2220
4831
6408
6907
9297
7259
9438
4379
2939
4131
3050
5024
7620
1241
2773
3392
2559
690
3793
8521
3313
4008
1229
9614
7832
1953
3831
4091
1344
1369
1172
1909
7409
8261
545
2545
3775
3183
3311
3807
1073
1260
7375
9076
6609
9790
4875
808
7863
6549
9956
7421
8345
5946
718
1198
97
6601
7292
2950
3932
6491
8378
6776
1108
1434
6736
1662
8125
9334
1903
7419
5667
3908
5834
6758
5616
8900
9428
2216
5027
2333
8736
6296
7827
7784
4645
705
9496
1290
4926
9632
5235
6373
3344
6875
7065
920
2992
5273
7406
6969
219
2014
1470
8358
9617
4802
2316
3306
7801
1414
684
9390
996
2415
6463
2757
506
1045
4607
7396
4201
874
5983
4908
6956
6527
927
8462
5457
5765
2150
4697
7985
6731
5618
8906
8060
3131
5150
4405
7692
9573
3555
8529
2568
428
3082
533
3018
4760
5610
8141
9957
5455
7596
6049
3225
9181
6032
9304
9417
881
2459
7094
8687
5039
5676
7869
8052
3255
8633
336
9393
6535
8459
5096
2655
4925
9502
7363
7231
4264
6334
774
3549
9516
8228
1984
8340
9673
6342
7928
5167
890
1454
5044
2519
1400
4645
9365
4477
4265
8231
9522
9764
4196
9327
4448
1549
2359
8379
1663
8636
3630
7988
2971
9030
8191
1059
1560
1852
1587
6877
2555
8010
401
7160
1847
347
2625
9631
5571
5405
9748
339
7534
8658
9283
140
7520
4875
3174
7465
5895
4516
4714
2704
24
3138
7507
5203
2404
1510
8
1071
1767
250
5326
6752
3
1561
8962
5273
8553
5041
4182
1597
6821
531
2268
1309
4177
4636
3372
3883
2978
9660
8021
5368
7612
743
6996
6515
4905
59
5630
1483
7013
8113
9156
743
399
8594
5564
9094
6930
6496
471
1119
6297
7651
1585
7073
291
2001
5631
7173
3917
3591
8667
4053
8940
8400
3313
6576
2558
2813
2797
308
4906
4729
3051
5439
9584
7376
417
345
7032
8086
5906
8296
2841
2334
8821
8617
8631
5387
4341
5572
2004
3607
255
9837
6835
8064
4718
7927
1139
6515
8096
7848
7137
7312
1987
9290
5605
9201
2897
7189
7589
9727
4380
3872
717
6140
6413
9910
8254
5155
3192
4829
3472
1479
4280
1089
4064
7117
3345
9053
8098
5613
4658
3473
4356
6983
2078
1449
9173
7751
3602
840
7088
2959
6881
8527
7202
1801
2614
126
1438
2395
9500
8601
611
1358
5184
6280
6362
4095
6478
2308
2895
3535
8441
9281
6243
2294
3376
6530
788
1317
1976
4558
9181
9270
9510
3908
1048
9635
7535
9258
6902
3783
5549
9156
9693
8475
1804
3275
4891
3898
4360
1621
3484
3547
9028
3209
4733
8413
3527
468
9887
7969
7741
5868
223
1249
4328
5049
4041
1190
6316
5358
5520
8203
1179
1807
8075
4879
9482
4316
6040
1312
2592
5842
927
3595
966
3206
4070
9092
2263
1391
6378
1444
1682
1242
8288
2732
4626
4296
5002
5168
58
3778
5831
9477
6335
8993
2786
5422
8556
7061
9842
3769
7112
1336
1833
3181
6191
1588
3030
582
5260
3569
9342
9168
3671
6955
9747
8168
6719
4381
2010
1069
5947
5585
209
9405
5009
6907
2615
9410
8168
2593
7479
3310
2360
5519
2653
609
3084
344
3999
8281
3233
1659
4496
9588
472
9513
3098
5492
9688
8959
5446
3360
8049
5624
1647
7781
9474
7160
2661
5960
2589
477
5935
1227
9949
706
7368
6344
949
6675
7488
1646
47
7600
920
2675
1593
1797
1373
7740
5783
1992
8940
195
5566
5546
4709
587
1560
2664
2399
5658
5113
722
6795
7043
1492
8401
783
4632
6870
2668
276
9897
8505
238
9005
8427
3429
2671
1289
1051
9901
7768
6689
4443
5992
2854
1006
5812
7637
9627
7301
3290
9681
8129
8384
681
3582
5462
9338
7871
4020
3645
9160
4955
1450
7509
9355
7926
9688
5134
8788
820
635
2831
6503
6013
2221
7929
6896
2366
4743
600
2685
3963
9481
2614
3220
9756
2425
6286
663
4952
2558
9343
6997
9222
7232
9156
6365
2641
6704
6227
1582
8511
10000
5352
2819
6005
7520
8787
6473
4465
9498
9294
2524
9085
924
9202
5351
629
4935
7978
5034
8748
655
6900
7829
6059
511
3146
1957
5881
5509
9098
7719
4605
531
7181
5910
605
6989
2815
445
2147
3341
6453
6915
3575
6096
8562
8341
9015
5943
1574
6744
2455
8530
6302
3361
7219
7
8250
8365
9160
83
8510
457
3295
1413
8202
5387
8632
6103
5951
2468
7874
9101
8973
9987
3149
730
7124
6650
7579
4073
4485
9841
2427
6258
9151
511
4533
3319
6855
9997
8853
6000
8468
6825
1349
7352
4084
1764
6194
969
3591
3964
5126
8606
9214
6523
4871
18
3832
7029
3051
4220
3100
6920
9304
6967
8506
1300
3219
1219
3735
9988
5669
2940
9930
8090
9725
2489
8411
2009
1109
8826
144
3552
4641
8081
6951
4988
3075
393
2526
191
3846
51
4011
9643
4025
6484
5761
7438
4641
8612
5443
2099
1117
6179
965
7622
8456
4809
4170
5355
5385
6485
7925
3178
5038
421
6483
5350
