7152
1016
2091
3336
9161
1014
1120
756
1816
8304
7152
2446
129
3661
9880
3672
5679
7160
4028
7940
7511
1673
3397
3209
9931
9207
5718
1819
3244
6513
268
5488
5297
1056
3707
1099
9915
6857
5161
2339
6238
7984
5759
7087
3000
2650
671
3484
8276
8768
9908
1121
1249
2277
50
2792
2924
7069
6643
5409
6167
2673
51
1955
3691
9800
9728
2757
3926
8148
4020
874
4168
2518
2736
4417
7996
7273
1438
8409
1072
2329
7591
8951
3949
2880
9892
6303
8032
7589
5514
387
7139
1639
4434
3188
968
3442
9712
7327
5374
3770
4273
6933
3978
6038
3641
4856
1006
5398
5793
9538
6245
2339
4418
6593
2488
979
4681
7996
7120
3129
9433
9652
8297
5618
9859
6852
2879
6147
4002
4917
8972
7312
2704
6198
2708
7156
1734
2630
6164
2326
2676
8069
259
4330
2228
5317
6214
2187
491
3729
9892
8924
7782
3861
6445
554
7974
7462
641
8610
8981
3
5605
4310
1073
2996
6867
1465
5343
6148
1881
7117
426
1190
6965
6215
264
1493
7061
1527
9819
4517
3935
9548
2836
9100
5671
1810
2836
9163
7104
3167
8383
532
847
8611
7073
6082
7531
6452
5466
4219
6930
9323
9024
8499
8558
1918
2259
3759
9970
344
6349
9182
6509
9142
3702
4257
147
2010
9736
4925
7924
3471
6312
4311
2582
4094
8400
8857
1999
1333
9259
1463
7156
2577
8916
7735
7520
7876
2833
7897
531
3721
3069
2355
3807
1154
3733
1782
7508
2708
980
9216
5426
3577
2887
3236
4414
5022
2677
2631
7835
5141
1353
5481
149
6812
929
2505
6114
3179
477
3759
2901
4471
4729
3742
5514
7749
390
2081
3458
7731
5492
9660
268
9016
5157
7077
7172
7847
1685
6807
2484
1716
8004
6641
5973
5728
495
9079
4078
4279
175
1186
5522
2502
4759
7627
865
6412
440
3741
7465
4895
1384
9511
2182
3575
1336
5575
4153
5118
6789
8951
7151
2268
1880
7036
6675
4422
4530
5789
95
6156
1697
205
9640
3543
8048
4962
5544
6492
4385
2584
5234
1957
9366
8659
8336
8401
2073
2523
3222
3198
8841
823
7563
5404
9223
2615
1492
4351
342
8796
7717
463
5641
4322
8204
7119
1172
6138
2985
6121
750
8788
9816
1462
4741
4144
9114
6983
2800
5909
6312
176
3557
333
1074
192
4947
9942
4587
2240
9866
9446
5153
6477
3574
2285
1401
7899
5910
9252
1537
225
4635
7291
8222
2269
5775
0
7583
6249
7866
86
5930
6878
5102
5985
5620
9045
9468
7674
3019
233
3786
9774
9809
6598
1076
6577
5473
6342
7841
8645
7279
3146
7004
900
9383
2683
6058
3613
4374
8750
3113
2052
8946
4121
5146
7770
3412
3870
7491
4279
1424
2239
9376
3401
5444
4055
7842
9374
9760
659
4053
5588
4153
6579
7770
611
3855
4988
2291
4794
9681
1103
656
4647
4486
7402
9253
2785
9341
3775
9832
1456
48
5242
9955
7446
4687
3810
9261
7892
5102
616
7430
4420
8241
8874
158
5837
8853
6910
4169
8342
4032
2682
9444
6277
4094
7591
4725
5181
33
7642
9069
6578
8650
2592
2850
2797
7773
8173
9783
1933
8137
967
7112
6763
6308
3489
7425
4906
8104
5615
3947
79
9257
7146
4466
9705
5449
6108
963
2987
1706
9756
2650
6569
4068
6867
8912
9146
4051
7094
2819
7792
3582
6039
2152
5772
7504
6812
6546
5254
8900
7810
1680
6909
9173
5277
8851
4071
7603
4700
6122
1665
7571
2848
813
8099
6341
111
6235
6878
1197
6625
6160
1934
9123
7514
6942
3443
580
3058
695
6858
8676
7660
6594
9212
5012
9187
2493
5443
5435
1388
970
7830
4391
1133
3235
3501
8818
3606
932
1394
737
9159
4391
1766
2392
7791
5132
1912
2902
1164
9013
6214
3565
7622
4428
1218
648
9090
1343
3869
2559
1113
4536
108
8318
6057
983
536
8326
4450
1298
4534
7345
3234
360
3158
7314
4530
8607
9860
6465
6662
9407
7160
2215
74
7827
1391
9597
5101
1264
6061
4708
512
947
1639
7003
8640
4221
5598
2743
1231
7330
2959
5484
3909
83
6245
8463
3772
2176
5390
5620
6809
3135
6810
8277
5663
3084
9299
3175
8065
9114
6866
3852
627
4952
6674
3769
4501
3846
531
9894
5084
3740
1976
2310
5516
893
5209
8345
7568
4042
4534
4233
8199
5173
8475
895
4142
3476
5251
5713
6473
5915
1302
3397
5486
7741
1096
1239
6054
3833
1656
2859
5556
8474
2177
3397
5712
8127
4971
5153
1822
2105
2649
8201
2759
8445
1606
8168
2096
6578
9016
6942
9433
2697
6464
5161
5022
5726
489
6368
8779
4258
3245
4742
3575
771
2098
7935
9937
640
5193
8777
1611
5893
1263
675
3611
2146
812
3657
9042
3227
2652
9100
5676
8369
1077
2429
1351
3266
2703
3664
498
4118
9257
6689
864
5037
8365
8131
9772
6251
9519
2435
844
7409
8502
6116
868
9019
3982
8866
1041
9653
132
5770
7843
4309
3263
9046
8462
4749
4861
5438
4361
4074
8554
7714
3365
1063
1220
2459
1310
741
2862
7142
7485
9819
1379
9341
227
2424
7629
4316
9462
6204
941
2446
8166
6323
2986
2879
7325
1448
5245
9309
5647
5982
5900
9324
802
5465
8348
1521
4064
8777
1610
198
7720
6587
5735
7681
2783
4000
5314
7065
2817
1561
702
7442
4496
251
5247
531
9729
6165
1647
4445
4213
4236
7096
4028
8725
2561
4084
4459
8940
2072
4106
7340
3484
2224
9305
3937
9809
5847
6171
5907
1915
8895
9156
5891
3253
7127
9135
8564
2879
8825
6410
8135
5620
8828
7849
1941
2220
7437
1749
5904
7165
7280
2562
1792
4802
5742
9733
3370
7297
7208
5298
8944
6377
2289
1443
7911
6922
810
3451
4197
3837
4318
456
9173
309
3144
6730
2973
317
9139
8972
1092
3203
296
7597
3137
9321
6910
6672
7412
4376
53
5761
1499
5454
7338
1033
9551
235
989
9463
5386
5111
9946
8102
9547
9745
3194
9667
8401
2246
8335
9090
1846
6322
3479
5698
5226
3891
6413
2644
1986
2926
1261
120
8686
7744
3020
2525
8847
4497
363
2224
3213
926
3557
3661
5976
9970
1674
2191
9730
2748
2933
5579
9878
2962
3179
7375
8877
2524
4130
1482
880
8655
4973
3516
3456
5917
969
1293
7424
3879
7738
9609
8743
5867
5304
3791
3952
9412
9879
2796
8258
7544
5140
9426
9488
3301
9708
5234
9110
6965
6360
3679
1181
1135
9814
3043
3268
3128
573
4692
2678
829
7838
9672
3374
6562
4215
5316
8706
7830
5168
8539
3838
1431
8218
4765
6789
8259
2614
9395
7375
9426
8818
1594
4428
8366
6215
6077
7023
367
6497
3709
5149
4555
9065
3610
8004
437
8056
130
663
1013
165
6731
8493
1954
743
3647
5431
9057
1622
9435
628
8234
3011
8833
3247
7594
633
8675
2362
6011
9000
6506
7194
6453
2470
4165
4770
4147
8520
7330
3466
3235
4058
3189
2120
9264
9473
9161
5431
5193
102
4666
1223
1942
9825
4361
2499
7178
7938
9231
5207
5691
2609
701
1477
3505
4999
9404
3295
771
6442
3647
651
8433
4615
7056
1322
1938
9831
3150
2594
5365
5544
6658
5994
3667
1861
895
5769
4165
8180
3216
4183
582
9253
3417
184
4549
5697
7417
4840
7063
7486
1830
4262
2634
7411
4982
4954
9342
9844
623
2926
9121
2760
4383
9335
5496
4494
7285
1926
7597
3830
8742
9379
3017
3352
2259
5421
1624
3368
5397
7190
3480
4311
7741
2594
1850
5560
6176
4976
3251
9242
6295
9424
8488
2931
5813
778
737
7919
1668
9524
2246
5985
9501
466
2698
11
882
8988
3566
7723
3372
4146
4519
2745
7624
3225
3294
8875
5913
5032
5600
2719
56
4387
3171
3620
76
7300
2137
1049
9770
9771
6602
8498
8151
424
5860
2685
9810
4455
7849
3121
5792
6463
7396
7737
13
5150
3385
8100
7206
5648
6549
4895
6858
8383
7610
7748
9621
4791
7643
1766
5927
892
2271
695
8606
8160
5664
2793
8070
1288
4614
9852
6677
6960
3520
4129
6068
7820
521
7784
9698
3890
6126
3377
3242
1394
1794
4
9416
8551
7291
1185
4199
3364
3773
7117
52
1323
691
7579
7033
7215
6676
347
5297
9449
7855
3734
9832
7309
268
88
3441
4100
4421
8377
7588
1693
3243
3214
7821
7092
9012
5860
460
5882
1250
3946
6902
6301
949
921
4776
1938
7941
4668
7317
4385
772
5859
3947
9910
7635
6320
4963
8546
3712
8000
7506
7304
5981
9468
6962
4053
2431
8049
9320
8610
3911
8356
5509
1310
2792
2871
9179
5970
7828
9962
823
8651
8266
1906
6289
5544
8955
8448
1539
8618
5165
5208
1161
2898
5019
2785
5911
9725
9109
5039
5364
8878
3480
5537
1918
7358
2059
6952
1624
5369
5079
9653
1683
8939
1405
6786
6910
4377
7399
1226
72
268
1423
3214
433
8611
8949
5203
9334
7087
6901
5730
362
9658
7485
3560
7341
7480
3507
7544
9735
4019
7314
3114
7709
2479
7788
9518
9781
7320
283
789
153
8676
4123
5612
4969
3857
3758
916
8645
3088
9345
2334
3382
9449
3187
4209
7013
9797
7640
4506
3080
676
5483
6971
6774
1073
6082
7045
37
9814
4573
9233
283
4805
9138
7261
9110
3983
1732
4573
4865
6802
4113
5610
6133
4646
4448
651
6975
6913
7769
3880
6317
8275
9379
2989
9211
1767
9706
3132
6401
6477
2297
1302
2873
517
2824
60
273
8034
3860
1096
7628
1960
9428
7500
1258
8312
8410
568
3683
4887
7325
1220
1625
3866
7786
3358
733
5812
5874
8068
2470
1551
9107
1171
3760
9457
36
304
7936
4130
967
4700
3357
9586
6246
6266
8626
6497
5716
8971
1300
4549
1177
7836
8072
6149
722
9817
2924
9358
4168
2589
6157
1745
3780
8735
8012
4810
5630
909
7140
6720
536
5267
3342
1727
8388
1736
7275
9598
778
7187
9155
7938
8228
4250
606
2190
5321
6407
3309
1759
3665
2039
949
6091
8427
1166
8390
3751
2360
3818
9315
9421
3199
9886
946
2000
4683
7902
5209
8206
8261
5382
2218
8333
645
8936
8511
3656
4915
589
3529
5276
3654
1096
5057
5135
8966
3853
1052
3753
6150
3630
8306
6692
763
273
4546
4929
2080
9333
4544
9549
4841
5382
1616
1873
1020
8635
5357
4483
6863
2908
435
3250
1318
5537
131
2697
1715
265
2412
9849
7670
261
2637
3448
5407
564
7904
1792
1620
8833
4019
1221
3947
6400
8435
8938
846
1848
2494
4155
6760
8689
3671
9034
6899
3167
7186
4900
879
3705
305
8759
3830
6163
3279
4308
64
3669
9650
9597
8727
8094
5896
4070
5361
4599
250
2559
147
411
9517
3559
3987
6635
8239
338
4503
5389
6469
347
4186
752
5957
2567
5712
9078
3903
5663
1796
2991
6638
6544
210
5227
6680
9761
8676
4620
8625
404
3183
4429
1639
6926
695
8919
7856
5270
8770
3301
3247
7161
2414
5908
6352
5299
3807
4448
2019
8844
5186
762
9288
3480
5312
4291
933
611
2607
277
2997
3235
3817
3215
5498
5405
1388
4459
2571
7359
6937
7773
775
7825
3836
1389
2696
8857
2161
1878
6781
9437
2401
3905
9985
2812
2038
8021
2351
2831
8318
6327
7932
8794
537
3208
5338
4884
4264
1434
8592
205
3467
3109
1006
564
1732
4070
7951
6839
4458
8368
1712
4914
7142
1291
8591
5270
7894
8656
1732
6680
5816
3809
9785
1771
2937
4227
4969
583
2944
2118
1639
9371
658
1608
782
4301
6748
4103
545
2058
9255
3549
367
8196
8846
5566
5624
2501
1737
937
2514
2878
6996
4217
4571
1088
2990
6205
6893
5507
6338
2482
8326
2913
579
3843
3229
2786
7981
6631
7656
9778
3318
7091
8692
7037
9205
3580
7266
7178
6204
2806
9947
6831
6432
7932
4400
2486
5863
2786
1876
2521
2728
777
7904
3679
1723
8096
343
6442
3332
8176
7147
6651
9558
6930
5842
7582
4516
9093
314
7238
2796
8286
6031
3187
5856
1112
5404
5128
8569
4018
4632
5180
340
2730
3703
5739
834
1531
5293
6031
5584
4568
1739
6270
8056
4350
2821
6508
4233
5589
6611
4003
741
1352
5401
917
6092
4461
8110
712
6958
306
520
5068
1787
6339
7266
1973
4507
5548
2868
6809
6143
9368
8691
2907
6547
4968
3840
5108
82
9927
5152
53
9965
877
493
4429
9106
1570
1223
4746
7609
2303
6695
2056
347
8609
7492
8935
7708
8180
307
98
1736
3420
5348
4684
9156
823
9190
4781
228
9505
6064
6014
6990
5193
6102
5043
1037
6773
3852
237
9914
8050
4298
3665
3615
5649
8011
3229
995
5636
8292
9052
545
3243
4396
2133
8102
4807
4776
1273
9669
8194
7932
5182
9327
2779
4150
9733
4581
1849
7408
161
1663
66
8709
6947
3205
5620
9250
2818
8746
5351
1973
1215
4994
8234
5759
2908
2650
9644
5395
8745
1185
4273
644
7329
7583
725
9974
1001
3926
8838
824
1321
7061
1965
7529
5140
8636
1092
2403
4573
6676
2970
123
1167
1473
5256
9178
916
7859
9873
6640
7699
8726
6916
8977
1284
9279
9311
4601
9857
6680
3201
6855
484
7103
3985
5351
3777
5456
7972
7780
7846
4128
9124
8127
3914
1570
7725
7019
8688
6560
8192
1275
6388
1018
3833
5597
7594
3234
8074
8091
6688
2261
1487
9815
4320
2095
209
1125
8113
9636
6175
5967
7017
555
2148
4064
9552
871
8614
6619
3666
5714
7182
2807
3831
1329
1173
6047
6509
1973
1417
1536
5372
2585
7067
8567
971
1325
3191
3842
220
9383
9288
2585
9883
6900
1041
6157
2970
6880
5599
3754
2838
9237
8209
4262
3468
2083
5170
3714
3787
8212
2689
7299
4954
5771
6209
8722
1755
6226
9900
7956
3547
8572
3694
2360
4360
9806
6538
5448
6294
7146
4042
3914
7901
1369
1832
4944
1101
8528
8068
3523
8553
262
6766
7406
8181
7869
8442
4500
9533
6956
4555
4426
8830
1675
6138
5484
4684
7805
1197
210
9214
4059
2495
8628
10000
4686
3784
5535
362
1045
6785
4217
96
1908
8055
3826
6046
5410
1573
64
6775
5361
8628
2328
9669
4993
5756
2973
8605
356
5275
6959
3649
9861
9309
5463
1205
3640
8747
2522
4993
7615
5669
9821
250
9951
4241
8925
6318
1033
6507
8547
1641
6598
4761
5675
7022
4530
3553
9912
6824
638
2991
4213
6668
1900
7026
7204
9034
8750
6090
6168
9398
3158
4433
1453
5884
7280
5665
9619
6906
7805
5097
7802
781
7128
7514
2593
3100
9573
6271
2615
4127
3631
6342
2092
2803
6278
5645
3878
3793
6576
8446
6560
5887
8236
8373
762
5441
6171
7393
5507
9993
8186
3713
3419
265
1266
4969
8594
6499
6259
7661
1918
7107
7355
1143
2361
8067
7107
1098
1859
7959
7361
3329
976
2665
42
7476
5425
5932
368
1751
1074
4210
5721
3762
1726
1798
9556
7904
3499
3470
8269
687
1037
9973
8284
7385
299
8179
3631
6554
4218
2131
4590
5214
4647
5104
9648
7783
6606
360
4169
1839
7731
7893
6901
6741
8645
638
1752
4967
7225
3458
511
2154
9148
5736
1878
8290
9541
9314
4340
419
4168
1764
6989
7438
7869
8570
3931
8288
1273
8817
6914
8095
4097
8717
7846
1848
6535
9549
5984
8281
9134
2198
3734
2171
1198
7971
4960
4802
5903
5663
7349
1181
4577
2160
903
1797
3080
9759
1471
7698
9532
362
8234
3093
9149
665
7803
4832
9970
5783
4461
9935
2331
7495
8492
4962
1927
2868
5487
9369
2726
8949
2573
6998
9035
7726
4987
6280
4247
2764
3668
7361
6297
382
431
2301
8042
5494
4785
1902
3756
6454
3742
3172
7301
8957
8472
9604
3494
7117
8389
9281
8261
6451
7773
882
4719
9568
8250
9745
9297
9082
3613
5186
1582
1774
6961
2319
728
7283
1020
6745
5357
1889
0
9972
7258
2326
421
3344
5415
2955
7350
8590
5715
5288
197
7885
1391
6086
5254
9215
1101
7882
9345
400
1067
1541
5668
9394
5462
2360
9742
3005
2706
4623
8365
1730
549
7120
8080
15
9968
9986
711
8932
568
1910
5126
1412
9139
5015
9411
5784
2423
8467
1656
6824
5842
5385
2968
8432
9144
8682
8184
8565
2654
818
6040
9952
8250
7448
465
8056
4599
783
5957
5669
8372
8887
4014
6772
8967
3098
7125
2034
304
9260
9627
6103
2000
5337
5570
7310
7302
390
1959
3842
7213
1608
2665
9753
146
985
9006
8747
6978
7014
9226
1371
9869
4807
8388
1295
3422
7812
9103
4605
6745
5636
8706
5328
9480
1082
599
1620
3410
2179
5475
9398
7486
5064
9056
5803
3318
556
6047
9611
256
7275
3986
7325
1071
2276
979
5591
6490
6702
7277
9300
9258
3434
2629
4037
6929
9775
6505
192
4886
9565
3956
3566
4536
6706
6944
9730
4048
1946
6158
4586
7157
2992
5385
4653
8727
4793
6385
6113
6898
4442
5158
5496
6650
3779
8712
9046
6723
3731
8476
3591
2897
891
8621
7122
5818
3490
473
698
9123
272
4214
4044
9520
749
9248
3136
4812
6600
7943
5617
3941
6650
3147
3511
7401
450
6611
623
9030
6907
4736
8584
7906
5297
9234
9821
1909
4422
1658
9207
2283
7632
146
5232
2211
5512
4963
6836
1303
7882
4506
809
3172
183
8620
5994
7008
9535
2288
2282
3453
6450
935
7565
7827
4953
8963
8640
6248
171
7035
6535
1782
7034
9358
8507
9155
4878
384
1233
3869
1139
5894
7849
6428
9617
8709
8044
6373
557
2897
8761
3146
1636
6795
6871
501
417
8288
6553
2318
7339
7392
7330
6151
8151
2964
5529
6446
6167
4261
7347
6960
2929
5761
8021
6618
2388
3616
1641
3695
8805
6664
7625
4447
2095
5637
7007
5153
5799
2441
6622
2792
9974
7206
2342
4683
8133
1991
4534
4155
3347
3651
5183
6817
2105
7885
1985
6479
3443
8205
4259
6014
6580
7676
972
4065
4958
4072
7587
9646
1815
2844
2407
7881
6861
5957
535
6450
4829
1802
5445
3389
6973
3285
4766
5431
6552
2544
5176
3635
3026
4448
4690
842
9568
2665
8329
519
9907
5926
7577
9312
3262
8060
109
3936
9924
2712
9755
731
2188
5483
2147
2581
7601
4790
2823
8724
314
7001
6484
1460
5669
6060
7563
9824
8229
4089
9807
9041
675
1648
2737
7964
1209
2930
657
162
1587
3550
3575
8773
1344
7227
1355
3665
4520
2868
9868
3172
3474
4737
6427
9573
3069
1804
3654
2387
4849
7307
1812
3540
5185
8609
8603
4024
5348
8052
6908
8996
6273
2716
7467
8908
4444
6981
8770
2918
893
6005
121
7431
1040
6992
1873
9025
5180
663
517
8180
1455
7799
6917
3498
6326
6619
307
3273
8205
9965
6658
3552
4063
7321
1235
5557
6904
3276
3547
9161
5869
8150
8875
7680
632
6800
1492
6267
7362
8950
7850
2693
9401
3879
4614
7670
5555
3430
1280
368
2199
6343
5611
1814
3356
1028
4318
4497
4302
6951
8057
9825
2898
3960
5322
8935
8262
7702
2236
7384
307
9013
3520
8320
1045
6259
4172
3362
4839
4752
9934
283
697
2472
6667
8481
2021
7414
10000
2540
1941
116
6718
9725
2688
2606
3177
74
5865
7002
1338
9284
1756
3706
2236
8089
2716
4914
817
442
1829
4017
9981
4947
2047
5649
9832
5701
5543
1156
4605
9860
246
315
476
3679
2473
926
4042
8369
7583
375
4445
39
203
6871
9204
4126
8268
4318
2764
1560
8831
1363
8463
2441
2915
2786
2221
2470
5640
8344
7050
9073
9462
7887
9595
6457
3395
2006
7068
4152
9683
2915
9451
9411
2186
6318
7890
7137
9040
4465
9951
49
2310
6064
594
6076
961
7308
2451
3981
7737
2342
6281
2111
7290
9213
7462
7279
7554
3852
1141
2877
1359
2172
1112
1515
1549
3114
1230
1935
7652
578
1051
4826
9040
4740
9708
7287
1782
4934
8505
6918
2004
2326
6163
1342
3820
1563
4678
9148
2464
5374
3091
6185
2083
2435
2727
6929
4664
5333
4867
3918
8270
3643
4423
9931
2490
7225
5203
7155
6884
5958
9484
653
4618
3073
9100
3941
9692
2344
831
2029
6642
5198
1970
9630
8845
2993
9228
3894
3724
2729
8384
2532
4723
5675
7429
5922
5424
6386
7757
53
2534
580
4028
4279
7288
2962
5839
466
700
5353
2946
7391
8557
1354
447
751
75
7322
7999
1830
309
5722
5860
4331
8685
5944
8841
9264
5585
9492
5193
7595
8664
1543
2514
944
6867
7767
9406
6575
6349
7807
3473
3572
5029
3360
5750
3162
940
322
7552
4729
8462
6846
4690
8219
2840
1775
915
2337
123
7116
5713
464
1628
7042
5479
7730
8465
9350
8146
6470
2630
8673
3735
6790
1175
2649
642
8724
7752
1788
1400
7046
6139
6194
7519
7989
2765
7750
888
2827
7943
7069
4938
9753
265
841
8132
6456
2451
3247
1009
8478
5510
6524
1818
4334
6818
6953
9473
7469
9186
4520
3426
1245
3915
8174
5743
2586
1891
7494
9109
23
3153
6257
1480
4091
3291
5313
5052
5473
4300
9387
7247
1049
9905
1532
1102
8898
5698
3008
7659
9750
3443
7
5609
7105
23
3916
5938
2259
5702
8359
7598
9393
3390
4115
6791
7853
4595
6075
7757
5110
5967
5856
297
1478
2728
6193
5599
5385
7717
2131
1345
6550
2828
4993
9666
3344
705
8342
4121
6879
4738
593
7981
3732
899
5274
8813
7664
1034
3391
3293
4997
2697
5670
3034
7760
5630
5527
4394
812
6518
5463
3394
7212
4133
9493
8686
9381
2018
9880
8209
6263
3966
8925
991
7770
8998
8177
8155
9557
9622
8571
5313
4355
1348
6190
2357
3985
2464
5120
440
6779
3850
7199
5853
958
3282
1489
1906
8885
1165
9554
1130
8260
6205
8474
2561
8143
3688
1846
7442
2457
5129
5672
988
7138
5669
5315
2187
9651
9139
5804
9025
2257
9288
3184
3884
5046
7909
6160
4355
9799
3990
1344
8882
589
4305
1918
5868
1601
6252
8216
8046
6298
3509
1513
3201
730
9230
6780
8767
8508
9524
6211
6439
1291
5724
8329
1162
4763
3893
3723
6514
5571
5448
1505
8666
6368
4560
4587
3403
6433
5138
6721
4702
6933
2570
9484
3743
2444
2029
6613
1605
9379
0
7553
8718
6576
6025
403
9198
8076
3518
4635
9687
9260
7218
2821
5605
7402
3139
9828
3856
799
1694
5847
4964
9153
7721
890
6993
8385
2333
6585
919
7248
523
3184
597
6525
5171
3600
3797
7878
1325
3254
1893
2534
8365
195
2346
1567
3294
6950
1626
2745
5936
7376
5943
4980
1396
76
3647
2205
6245
6132
4761
2332
9114
6323
4813
2172
9545
5265
4269
203
3205
5900
9242
6693
322
4207
1649
2959
7332
1660
9863
4457
9758
3292
1340
4358
283
3801
6260
8347
7309
5689
4101
6849
9466
9678
6382
6592
5129
6581
1739
1707
1326
4563
2053
2544
4372
4508
9691
5197
6990
2990
9326
6691
7065
1607
2555
449
8068
1788
755
9352
6125
644
9662
1501
8684
6757
4229
7896
8514
376
3955
9304
2108
5681
7805
8639
9737
8001
6773
4078
6125
4009
8919
3251
4222
97
3998
593
6132
6208
2112
4155
3703
5110
6104
1567
2739
3384
8989
3133
6098
472
301
9799
4911
6588
2905
8420
7871
9901
1098
901
4478
7656
5535
6694
3267
198
7531
593
5649
7979
700
6579
2171
2011
9414
3126
9264
2337
4576
3091
2461
3025
3298
6189
2052
824
1795
5195
9311
5307
7165
9377
8540
9979
7170
1210
4871
787
6367
6604
4389
5247
5722
8541
7304
6552
9003
2861
9844
923
935
2387
5277
1053
5634
9932
1834
3135
2792
1993
3762
2549
3596
4374
927
367
364
5625
3239
7888
7433
9827
6251
233
7210
8410
2207
6323
4692
4457
3766
7295
9394
5879
7132
24
1823
7063
9078
3013
2588
2130
9503
6349
8769
2624
2471
2432
9815
4916
1532
2721
6667
6252
7698
252
619
4461
698
383
2533
5096
2829
2020
5301
5085
628
2657
9945
1553
1127
8179
373
7399
5011
703
1524
2485
1829
6940
4806
179
5681
8171
6981
1240
3311
7449
7308
9596
1836
6686
452
721
6082
6872
1665
5798
3029
4157
3632
6066
5066
3489
3476
9528
9539
2845
1914
6786
616
1500
317
245
399
7856
9579
4860
9006
6103
3635
8072
1805
3822
485
1129
8414
1986
1923
8555
7415
6619
565
9034
8657
3831
9784
2693
2441
829
6096
9895
4402
1713
3017
4899
8179
4723
896
2990
5619
6244
6070
4581
6585
2567
3628
7443
4367
462
8118
3428
6634
5505
7473
9275
7998
3630
1584
3777
6281
9284
6346
5013
4854
97
5967
2472
8306
6279
6211
4444
8484
5206
2608
545
989
4022
6828
5287
7499
3752
432
2201
8757
3719
3358
8272
9799
4270
9605
1047
531
7547
3537
244
9776
949
9723
6253
4079
1524
2719
9441
842
2639
6920
108
8633
7015
4953
3658
7480
9182
890
9857
1057
1703
7031
2602
892
2241
9693
4340
1319
4022
4028
554
9859
645
5387
3870
7393
9832
9612
6772
7165
6854
1658
1789
3731
8627
8664
8814
6126
1190
4982
6348
4262
2865
9146
1354
7603
4083
8903
3557
7990
1947
5713
7192
5615
7920
4745
5115
3208
8217
5463
1440
995
1466
3958
5727
2772
8877
5722
9593
8590
1508
8991
5716
8636
9707
3375
755
2591
6170
1718
9334
5553
5815
2205
176
9576
4125
7111
6348
9619
4307
6608
1220
9570
6719
7452
4100
3025
7295
4220
8509
6283
2614
8119
647
9445
4703
483
7434
8535
6138
4096
8708
9907
9229
3566
8544
4024
5386
3376
8297
8723
3669
1143
2842
5966
8980
5804
6561
2215
128
9746
3615
9590
2951
6328
2659
4155
5221
1457
7535
5484
3343
775
3419
1825
8560
1788
6492
9053
9614
149
9278
5879
858
4901
8827
4241
6812
4237
7967
9095
8456
3966
7827
4120
523
7762
9785
6014
7434
159
5132
621
549
844
4350
12
6517
2162
2509
6982
6256
9515
1234
6162
1781
4119
5792
4295
8872
675
4734
4609
5878
7505
1606
9217
4829
4368
5074
510
4114
3578
7371
7011
6657
9322
2968
9225
8632
3318
9706
8648
7728
139
8315
1595
2544
201
1714
5577
3048
8777
1551
7211
1174
6799
7894
3624
8144
8353
5833
2592
7545
8541
647
7937
4106
3202
5436
792
8298
4951
2020
3412
9134
1678
8017
9057
6893
5381
4639
5074
6701
7895
76
5603
269
4891
8364
4731
7911
7049
7493
5384
5375
3641
2371
8597
8388
1774
3911
3962
3284
1401
6928
420
5922
4161
8108
7133
9058
2388
9133
5859
924
6557
3669
3428
8834
160
2519
5429
4009
8750
6471
3936
8268
1255
8547
2023
7051
1177
6731
4376
8120
4496
2420
7417
5565
7442
5257
3301
6255
9888
160
5495
9421
5063
7724
7952
7920
8921
7086
200
1910
1357
5483
1888
6116
2817
5536
5904
6304
2317
6355
121
537
8769
3330
2319
9499
4132
2499
3185
3120
8672
8559
5266
2906
9994
2798
514
2228
9235
7208
3599
5003
7448
9296
826
7950
2209
7842
1226
2263
9282
9646
5739
8398
4053
4676
8270
1974
7082
8048
2157
2155
8939
1235
4026
6420
1409
1718
2333
5722
9081
2190
8054
7212
5101
5291
3025
8283
9026
8308
990
9177
2718
4305
1126
5778
5380
5456
7486
799
6306
5728
1553
3218
8911
3994
7910
6901
5405
8489
5802
3328
1616
9897
7154
9410
3873
5247
4101
3720
3122
8381
1206
3056
9381
3402
4000
2832
9600
8014
1326
539
5102
2708
3326
153
7797
3923
2395
671
6578
7026
134
2339
230
9414
4050
6620
1407
9576
472
5286
1175
5674
4437
9290
2979
4910
1344
597
5394
4720
5708
3452
9535
8842
5006
7349
6990
3562
1693
2653
5493
3361
6733
1007
8928
3394
2517
45
5384
377
2220
4076
3878
2463
9274
1325
6783
8496
7830
3168
3207
8755
9578
8410
1496
7357
1814
1567
8235
9350
239
7598
3568
6557
6274
1705
567
6617
6341
9271
2407
1861
2582
1383
7690
5359
2815
1098
1466
7023
8551
9316
1783
5700
4720
3906
3129
8604
8699
3574
307
8290
914
2576
901
5106
2330
7195
4123
9881
1474
7642
9594
8252
3284
4668
3353
9382
8724
5029
1577
2586
6636
7474
769
930
3176
3619
892
5192
2269
7445
4897
8810
7104
2005
4421
66
6386
6600
2113
6577
7213
5356
6813
2224
4067
8222
8890
1523
8983
4460
315
4647
9708
7277
3316
2650
142
6198
6271
547
1977
812
1021
7539
5580
1875
7399
8287
5096
6661
7835
3816
2496
7954
8075
7950
7699
6228
633
7695
7042
4779
7354
1151
6035
7757
4782
3470
8767
6266
5525
5965
8723
3678
6835
8610
1584
2565
2219
6240
4104
6906
6216
8880
4338
2334
2030
9486
5805
5832
4602
7643
8272
2999
2512
4019
5182
6113
2557
3373
2397
1852
3511
7344
6333
2448
3001
5148
5231
5736
1334
2891
4309
1393
5867
3772
2977
9427
4376
3719
3790
9432
1281
9146
3255
9055
365
8999
905
2762
4612
9290
2712
5240
7526
8946
9377
5108
5365
9041
9103
5128
3511
2156
6513
6677
3938
7032
2695
5341
5814
282
8608
7600
3209
7925
8366
4858
3062
3334
3333
4918
767
5545
7617
9038
1874
3672
6968
4288
6385
697
7537
1823
4643
4175
3480
9311
7605
6097
2519
3266
1448
5453
9901
8385
2267
2089
9409
7716
9042
4273
3212
3151
8239
3119
410
7712
8378
5149
6832
6202
8445
884
4756
2482
7449
7621
5477
1439
6502
3452
8093
7623
1045
4600
4711
5653
3696
3624
1068
1460
7658
5576
2556
2479
6812
3397
382
446
6504
2056
6493
2325
5974
6309
3693
1761
3768
4258
6894
7101
98
6324
3787
5670
4775
5145
6702
3020
3982
2198
6405
325
6240
9986
8995
3077
2929
254
3465
9803
3069
7113
5210
8621
1275
9764
8256
572
4662
6165
9163
7141
7903
6928
2881
2859
4258
4838
217
549
8167
804
4971
5902
2401
2609
8160
7664
701
5657
3422
1593
5523
9244
9304
5014
6112
5844
4108
6246
5786
7316
5607
1051
8992
5047
1890
5008
3197
9005
4902
3086
4528
7287
7579
4544
594
8124
1337
2178
7007
8780
74
5344
739
8765
714
8299
5182
5129
2057
5028
252
8277
2451
7167
7228
7853
1926
5338
4506
7647
7047
5882
500
4818
4883
4872
3518
1774
827
1344
6932
3367
8052
9093
798
3780
6644
6311
5618
691
6131
9374
7592
6919
1863
8026
5089
2794
7683
8453
6917
1733
4437
3125
8874
4032
5770
6103
8999
8083
2103
379
4499
6807
1775
2325
6624
2448
2220
5013
1234
6841
8823
5327
5432
8080
4917
5746
9548
8250
4770
6504
6863
8339
675
1584
7573
6521
8354
3509
8073
8779
4502
576
7043
6447
4696
736
6682
2368
2538
880
2778
3985
4308
6496
2698
7563
8515
4659
1480
5496
6192
3324
7101
3970
5370
7644
4061
4319
1674
6867
3812
7485
6837
2290
2271
6267
9267
5544
6354
3333
4536
9903
447
1353
1054
7495
9812
6359
9950
8166
2043
5998
5621
72
5116
177
9853
1268
5187
3282
6450
6330
4586
8690
2119
6418
869
8868
1157
3157
7544
1411
9003
8693
4145
4783
7161
286
7901
7614
9982
6306
5570
8786
7966
6279
6394
9976
1669
7068
801
3865
104
7139
9911
6835
3013
1747
8472
738
8457
803
4440
3216
82
2956
3079
4634
1689
9455
2093
9987
2886
7869
3243
609
1114
7439
585
4909
4326
5606
221
9824
6201
212
7012
9503
2364
190
1961
3218
6585
1564
7012
5525
3599
3178
7141
654
5420
9247
4124
9118
8706
92
9753
2543
8296
1699
9971
9230
5994
1208
4174
9462
8734
7588
2165
5596
7866
2314
6344
5084
9989
843
2822
7640
5947
8366
4391
7465
8781
4134
6311
4111
7446
7066
9178
1867
2939
2994
9218
8167
5411
4398
5083
8313
3847
5974
5495
1726
4845
6094
626
3656
4064
5347
4640
8791
456
3298
8799
8516
1966
1782
2573
314
5787
8071
7685
500
4647
5703
9856
7125
621
3610
3214
6828
6175
1851
3844
5283
7918
1758
2734
9751
7559
2551
6862
2285
4292
9550
483
9149
2715
8950
1608
6511
7437
3734
6542
7233
8974
7333
6735
1535
759
5769
4638
1905
1358
8857
8417
246
6532
1334
8482
8521
8223
1304
7338
972
8852
3776
3322
3118
9081
667
925
7325
2237
749
7240
4679
4093
999
6119
379
3744
4161
6924
5373
3361
9867
158
7130
7779
8702
8287
2635
9518
3397
5022
5726
2823
7520
9173
6332
7056
8470
9749
2854
5263
8416
6972
2724
488
1500
7397
4268
4341
6939
338
4401
4664
9923
4260
5240
2074
5501
7780
4444
3459
7128
5499
9118
2681
1094
8648
3627
7033
848
5001
9256
7164
7860
3936
1284
4172
8112
8980
6201
6581
2451
3065
1024
3079
2517
9416
1816
561
3175
5370
1035
226
4125
1399
4215
2670
4159
4565
116
1216
5953
1517
1660
8575
4752
6535
2019
5416
1170
2654
1005
8380
3075
4077
5146
7550
9241
7827
2884
6541
2826
2265
9951
1436
1573
6264
2052
1754
6731
6109
7210
4300
576
6871
6330
2372
6177
5997
4178
3512
2922
7201
670
2711
5786
8934
1190
8372
7458
197
9723
3765
9096
2627
9418
1174
1924
6574
9479
8549
3548
4047
9751
1096
212
7803
2681
3058
9335
3880
4082
3489
5317
7741
910
2376
5730
8630
8170
1596
6181
6973
833
8972
9030
8435
7195
3453
6862
4299
7995
960
9670
510
4729
3683
4271
6114
760
5319
5972
7229
1992
2494
8014
7771
9685
8731
2025
1886
8659
3891
1704
8472
960
154
3853
9676
7592
5947
3219
7725
6082
7480
694
3772
5323
4863
3878
4736
4510
9052
8907
7439
3880
3958
6463
7121
157
5688
3441
6791
7035
2322
2435
8931
6248
6347
8741
5830
7346
3300
6095
6612
5460
683
1741
8140
4357
4178
6682
7126
7793
9632
2689
3544
1796
6141
4664
1968
3147
8048
3032
7213
4210
435
8661
4737
7047
3455
6179
7822
7782
8444
2081
7224
1577
2936
6226
1466
3962
8309
2569
3951
9834
3210
1163
9249
125
7958
4189
5846
1388
5208
3493
9642
4609
4645
2535
8364
9933
4964
6353
9343
9123
713
6607
9258
7658
8652
2048
6934
4556
7966
2717
5473
1235
6151
942
4513
5710
130
7666
1272
8373
3044
1857
2863
9592
5255
7971
1101
7823
6415
9120
6270
844
7784
2072
2185
3710
902
9028
5527
391
9548
4693
6740
4096
7757
1032
8383
7057
1322
4592
8604
1535
4238
6901
9595
5301
7562
5129
8081
288
7981
8426
9732
2621
7121
3867
2444
4383
3567
4216
5902
7405
1240
2159
8540
776
9532
1138
8563
7597
4432
6954
5222
8388
2592
2744
480
6417
3454
7542
2716
7800
1689
3191
3630
4771
2835
5379
6852
781
544
4278
5433
3750
3635
2664
4490
2047
8185
6476
5654
8394
7867
1078
5940
180
4613
4298
4573
5251
9544
680
7551
4117
2537
454
1284
6319
9522
7290
2117
7827
6664
5345
6526
6901
7415
6785
4183
9514
9237
1824
7387
3455
1975
7570
8163
3416
5345
1012
6006
7045
1321
5989
3953
4580
7633
2693
4645
6563
9621
2302
8573
574
9594
8371
6092
2332
1731
7727
5
3254
5943
9013
224
6380
7022
8642
7310
9084
399
434
5678
3569
3373
4693
9407
1179
4045
2918
6990
1370
793
1061
4603
2635
3443
2263
7773
9806
3911
3491
9889
842
1949
1253
405
284
1232
484
9307
8317
1967
7192
8612
7339
4705
2240
573
1603
4097
712
1094
1121
8437
4546
2718
6318
6400
6108
1433
6148
7359
9099
7980
2127
7588
3282
714
8910
3489
2879
9386
3775
2996
8902
4616
1460
8839
8899
1169
1266
389
6194
3290
2412
4905
8625
5726
2351
3039
8790
3508
9416
2225
6669
5416
1298
6753
4565
1484
4186
2946
452
377
7012
523
7806
1225
6748
1234
5724
8224
2990
6446
4591
641
4347
2157
9595
3480
8847
217
2385
7819
1095
9871
2201
2803
5929
7857
1408
1572
8361
9312
1854
800
804
3705
3867
8591
9437
7056
3857
9744
6867
54
9420
3088
9989
2964
7213
3586
3765
1413
2079
8277
6272
3869
2578
506
7401
6232
7431
3942
8751
8248
9699
3735
4307
7900
1569
1396
4194
1991
676
272
1166
9568
2324
3980
2573
5541
8281
3134
947
608
967
749
8961
4253
2273
696
3481
4441
13
3029
9822
1974
7184
4446
4926
1809
8527
708
7055
8464
9109
6249
5830
5703
5312
2924
9944
1757
9892
8183
7116
1376
1614
4852
1200
5888
8259
1211
7814
4094
857
3711
1210
5731
2574
5107
5126
3622
9738
1579
7320
9520
5256
568
55
1102
781
4040
8294
643
6216
8546
4930
6813
195
7094
3778
9438
1046
5683
5549
9920
4115
3396
7271
3831
4703
5895
6568
4084
2908
8369
5826
7552
957
565
197
1467
4812
1044
4697
9963
3382
1015
9862
9210
5803
3762
6756
3803
8068
8878
6135
5342
9614
2382
6125
3173
270
272
1514
2415
6610
7919
5190
7293
9622
1006
1651
338
6074
5231
3259
7156
3296
2958
4901
3214
2094
1688
3372
7194
2031
2482
8607
6382
7254
6044
6297
3044
8954
7509
6999
3091
8696
7925
3622
9229
9861
987
4916
4462
8829
402
5983
8988
8928
7878
7978
5552
12
8230
9807
5462
7651
2145
4987
893
1369
9700
1316
6003
4202
5692
5372
4638
6973
9010
4586
7031
1293
2048
3760
9635
8224
6553
4505
8218
8532
1192
6438
5969
5845
4969
5729
3327
6898
3492
5793
8574
8599
1942
1958
1692
6314
5979
1995
2373
714
1542
1565
4556
3880
7715
6157
7690
8546
3275
5187
7660
5837
5040
8930
5610
4314
7457
9037
4297
3098
4414
3774
8367
6877
2760
2989
3218
986
9043
447
4597
3240
4043
689
1019
2031
8277
680
5080
2998
6079
894
3357
4800
2929
6165
3175
6962
9827
6657
9763
7753
7414
628
5879
2360
3722
3019
7571
5903
5319
2072
2557
3261
6962
1106
2758
1649
9312
6874
1889
9431
2564
5254
1354
7493
2768
5021
2584
8793
4837
5879
7130
2780
5158
2902
9730
98
2069
4457
1942
2909
1292
8143
745
6590
8005
9505
1331
603
9846
2072
184
7555
8863
3435
6680
3922
7170
3505
4112
6020
2619
5757
1869
2526
3581
8750
4791
3720
1015
4106
5900
6422
6499
9290
751
3947
5495
2374
9401
4806
4869
2541
6279
4310
3351
2921
4550
386
51
5451
3736
2579
7917
996
4834
3670
7085
3791
3844
5891
4200
1526
2274
2393
6338
9089
5476
7492
5412
2969
4533
6163
7042
6188
9191
5912
8408
6622
2650
7446
7996
5309
4269
7768
9317
2556
1839
7055
3158
942
9912
5944
4314
733
8329
717
9583
3462
8945
5049
1643
5303
3997
7508
7122
3960
4823
1888
371
6118
5288
6713
7734
9511
3211
747
6437
7243
6300
5493
6140
5077
8236
7181
9729
1497
4008
34
5565
7679
8217
6056
9530
7572
8123
7334
5136
765
8895
5903
3169
8316
3080
4619
1685
4056
8454
8239
871
9419
7147
6982
3956
4104
7897
8057
9609
7053
4091
9712
5377
7888
7356
5416
1853
9430
964
3481
3252
2406
5056
1735
7972
6084
3596
4189
3524
1540
4107
3993
1564
739
7519
1550
3876
5601
5376
802
3947
6021
4811
5734
3910
5208
5478
770
2354
6070
3837
4216
5769
7570
2333
846
7057
7243
635
2425
7695
8707
908
5311
9551
8574
3091
6075
7243
2026
6897
8635
8828
6321
3973
8694
7290
9585
7754
2054
1133
7864
1122
8827
8312
4837
3053
7823
7340
3449
8925
6978
3078
4132
3694
4900
6912
7543
4784
2783
3353
1463
2684
6470
686
8098
4002
6543
7739
1765
8533
950
9784
9369
4723
6659
8135
8608
9633
2970
2164
2710
6264
2035
6718
5943
119
6436
6935
1114
4682
8427
6763
2799
1316
7058
254
6856
5263
7464
1450
1435
8052
1218
3701
596
5932
1548
401
6805
1098
9038
8879
4810
6663
2871
3872
834
2374
3970
8418
5003
2603
3391
3400
6617
2556
1963
9451
6059
764
3896
5544
3957
2934
1420
4077
7320
7938
7951
7968
3581
667
5557
376
1914
7761
6238
1987
4947
2837
572
7754
6977
3762
3736
6243
9469
7773
1781
8095
6561
3600
6469
1945
7517
3204
2754
8667
236
563
7599
5424
4140
1657
4501
8498
8311
5914
1671
7791
735
7721
976
4122
3956
1206
3973
5776
7741
887
9885
4636
3658
7831
2931
8702
6619
4275
309
9386
2796
3449
9882
561
2575
6527
2349
5689
1805
5364
1009
1677
2176
7954
77
9652
9400
5454
2892
3516
1209
7436
7992
1503
888
4335
3374
9694
7820
7567
2192
6539
90
3335
69
9648
5922
6846
8037
7455
2709
106
3880
7063
8756
4096
4198
7163
5802
3720
7975
4331
105
2556
4790
9690
5927
9065
8364
4932
6024
263
4158
5913
4342
5208
8889
7456
1872
9678
4362
35
6002
7668
4418
2771
5493
8354
9776
1913
135
9139
5545
7608
9822
1179
4359
1608
6081
4009
4678
4359
1745
5380
9835
7372
3687
7387
4414
6483
7435
337
1587
5818
2700
8058
5080
8635
5121
335
941
391
1781
6765
7073
4
1048
5945
7484
4732
7207
3337
9657
9579
2440
1426
6934
9453
9703
4477
7813
7420
5750
8027
1513
834
6229
9680
4
6572
4534
2990
4825
2896
2523
1643
9093
4591
4593
2888
528
917
4144
8490
5038
8601
8584
5354
5578
8412
9663
135
5557
1125
6432
7944
7716
7103
3191
9884
7857
2799
1907
3092
6070
7664
1322
8901
5779
6390
6094
8897
8434
3984
4703
3769
86
5497
4215
5784
1272
8655
9288
10
5317
2256
2920
135
4515
9931
7164
9442
4596
8191
9971
3036
9867
9820
8081
9084
566
6827
6557
3322
9884
783
109
2439
2525
921
3587
4273
6902
3413
7010
2123
3622
5344
6794
9263
759
6919
8004
8156
3714
5485
2527
6207
5985
697
2453
9619
917
3726
9838
6091
5551
2876
5360
8587
1860
2632
8560
7490
3973
214
8260
7394
6461
7107
4902
8607
8126
5653
7400
3617
5082
8729
8235
8281
7019
6200
9889
6919
1425
9345
1426
7404
5005
7251
7679
7801
546
2149
8302
8841
2290
4370
8987
9939
9628
2301
507
5660
9347
2972
7927
3749
3939
743
4537
5182
8772
3400
1804
3308
9928
6623
5101
205
284
220
4009
8361
2401
4728
8633
1563
9117
165
2957
8786
4930
6139
4162
8785
3909
1721
1152
765
3620
3734
1213
2765
7142
9332
8267
2655
2238
8744
3311
8129
448
1315
8506
3127
9572
8719
6875
7734
8105
8389
5341
2713
5788
6558
418
2294
4424
7214
9163
6460
7359
9197
2387
1896
9712
5085
9042
6828
5888
9439
8666
2056
4053
6845
8901
8116
6742
2317
334
8610
5474
3104
6881
9615
9276
5140
3812
2557
8382
5717
5809
2264
3184
3460
1874
9253
7782
6483
714
1538
8931
2561
1908
6661
3631
7152
5181
3714
6756
9350
22
1137
3300
693
3119
2844
9201
6991
9071
4159
2149
1599
8661
2337
4359
4033
5957
1239
1799
3835
3552
5306
7285
8749
5774
3337
3164
8379
3190
9635
4841
5135
1064
9023
4364
4080
1500
5622
9336
4150
5060
999
6330
9409
6845
4644
6328
2322
3691
876
9383
6634
9259
7458
8766
6970
5971
58
2655
3235
5714
3244
8580
7899
3595
3020
3228
925
6124
3553
1245
6999
5961
6466
4390
9454
5843
6855
3290
8541
8890
3421
3040
9093
3456
6365
566
3762
3849
8267
1289
1038
4304
1839
7399
3540
266
7630
7204
2079
673
5269
2236
2115
4691
356
9550
3720
8914
7960
2340
3355
2874
8032
2188
3011
8764
7010
9868
3792
5955
3300
681
9540
2063
8077
5620
4318
9831
3722
9464
328
2553
6952
9003
2060
6681
7827
881
8047
9017
289
7160
5787
4377
5972
3843
7691
5417
7758
3681
115
9529
102
1539
963
4564
8687
5147
1147
2200
889
5709
1099
6845
6953
5685
8195
6831
3314
5837
1219
8904
1415
4329
3159
6875
7442
3485
8002
3230
3018
1187
1534
987
3518
5706
9282
5336
8944
5810
4408
413
6458
8346
9103
8894
7152
5260
1015
7965
7985
2313
4339
7220
5315
152
2537
9045
144
1834
8066
3763
789
7123
4447
2430
4839
6285
636
5305
5569
8696
7554
9252
4993
2871
9599
3376
5613
1247
7839
9118
3972
4674
5950
4492
4970
6593
8571
2641
1329
2871
5410
9983
6989
6544
5330
1985
141
50
6157
7456
4691
7929
8259
5843
5332
3503
2325
6133
8908
6538
764
7768
189
5441
8297
4196
9923
1785
1832
3271
3974
2564
7821
4138
1585
460
8511
2205
9898
7691
2185
933
3704
5378
360
4294
6363
2533
6798
7863
5268
1401
963
7686
8984
6696
8661
3461
2653
5706
1260
1924
8728
2319
8372
1421
9869
5383
4533
8652
8952
501
3596
3172
3204
6679
4584
356
5076
9176
9098
1187
8122
8376
1476
7663
7967
6762
2738
2398
372
7236
5632
1476
106
3843
4533
6657
8594
3115
7797
4021
2724
4761
3977
2442
7865
9380
4627
1088
9124
4788
8794
4484
4648
280
9448
4395
8951
8182
7166
6425
3250
2978
2783
9028
2152
4271
1686
4254
3846
8597
7080
7186
3977
5973
2199
9118
7956
6882
9482
8159
445
3606
8887
8751
8294
8836
1413
9619
9270
107
3353
5315
5878
3326
1140
5802
2623
1219
6010
6750
3546
608
4869
9545
4851
1193
5421
9964
6497
2169
2347
4124
8107
8848
1051
6098
9128
9956
2063
9118
7297
2540
4797
2132
5198
469
7909
7105
7609
8280
4733
1432
4733
2115
4164
1214
8653
3400
5438
9073
687
5594
5918
3989
4190
7367
521
7856
8430
1183
507
2157
8510
3005
7080
7957
5382
8719
774
3052
5191
1976
1794
4717
227
3019
2574
3074
2746
490
7953
9995
2473
1585
2726
3602
7956
7301
34
2925
4732
1516
9927
1539
5836
6658
1086
7485
6143
9874
3374
9390
2392
7027
5274
5891
8041
4844
1733
9066
8735
9629
4641
9417
9763
1966
5753
7231
2258
1147
3439
2997
7553
992
9054
4097
6110
5593
7324
7211
1407
3000
3480
7720
9899
3647
4306
57
5618
9824
6150
7869
1210
9975
1215
5158
1785
2660
401
406
371
1404
1416
1916
5845
7000
9463
4532
1431
5378
3536
6626
1623
6803
8974
2472
636
8730
4762
1829
1907
6640
6397
4636
1970
2250
4640
6691
3328
3423
3770
8378
3965
6326
1657
6317
3984
9838
6190
4135
8873
5650
9922
1160
2526
9457
9161
4521
5677
184
704
8718
7081
4671
4858
114
6750
326
2374
9832
2584
2384
2204
2292
3767
2369
8165
3078
997
134
8575
9423
8533
2185
1289
3550
9771
7358
9288
265
8789
6402
3470
886
1089
2940
3757
9077
810
586
3037
9800
1550
4310
884
3246
7145
858
9417
5884
1956
7763
3285
3111
5059
1681
8512
6938
2397
6051
5635
8299
1294
7588
7551
4680
7202
5326
2693
3224
1294
9836
7405
4501
683
605
6693
9376
5877
7722
7831
7956
3663
286
6540
3271
8728
6169
5108
3246
1598
3856
8281
5473
8858
5784
6129
2229
3040
5976
8133
2513
6897
7452
486
2680
8611
266
4179
1049
1049
4354
1172
3054
9267
2278
6997
3021
2535
5041
8809
1396
7620
3634
2454
8438
6213
6848
8188
1951
4872
9990
6368
5940
2390
6886
6220
7831
2082
1954
9228
2846
8872
6038
7129
9973
9643
403
5701
1610
9664
5130
3146
1544
5468
606
9015
7068
6611
7692
177
5479
7003
2846
4893
5166
152
3622
3527
5761
7789
4994
6600
51
1359
8581
1997
9412
5009
6223
4813
8211
9766
5856
7420
6995
6164
4696
7115
1173
4090
511
547
1750
9152
8679
3251
2593
6632
5866
9477
5893
2249
9114
8724
127
7317
1420
5020
9980
2671
3470
6252
2890
3417
2581
7097
3150
3808
4674
4175
4512
5903
2548
1484
7340
9035
6967
5702
7743
5418
4441
2656
7011
9517
6281
9634
2554
9963
402
7014
297
88
2224
1213
5212
5975
4112
7351
5674
7165
9200
2538
3416
612
9841
7522
4310
6408
8689
3590
6619
3235
8200
4751
8673
5168
474
297
6171
1935
9209
9600
7795
6928
4482
7705
7762
2985
9444
794
1275
9629
3307
8131
7017
4538
1523
6453
580
4165
3256
7285
5583
5232
8780
9963
9342
3447
3719
7428
5650
3947
3283
6641
7726
4500
3861
2869
9555
6479
8589
4902
9506
6279
7933
7605
716
4124
742
1398
5510
7955
4740
2376
8404
525
8738
8534
1463
917
7488
690
3977
4493
6621
614
1403
7365
9714
8329
7996
3722
3107
6015
6910
2082
4418
9270
3085
3390
5227
2585
4930
9475
1344
379
7497
8940
5464
8791
7918
9234
5729
1112
4760
3038
9246
7423
454
9447
5690
824
3537
951
6714
8473
9151
3238
3944
2887
3117
9157
6703
400
2781
9891
2952
4370
6225
31
9390
3166
1005
9907
3535
8715
2758
5803
9348
2427
2207
9312
6260
4654
1761
9126
1679
4560
7022
9127
2017
690
274
215
3879
9749
8631
3031
5428
9116
5977
3583
2255
1324
9633
4314
5562
5750
7575
8432
6727
1989
7333
9786
2491
6452
322
9312
6919
1210
183
2248
9668
4047
6551
6764
6306
1267
3479
4990
8285
1155
6032
6550
981
4862
4250
713
2292
7864
517
8746
2371
9537
6573
4806
4319
6739
5971
3986
8322
3089
1085
3596
7947
5446
6986
6110
9138
87
2004
1911
8340
1049
1629
3551
8722
5157
219
8435
338
8626
3490
7509
390
3862
3578
7870
7492
4872
152
9099
7022
8647
7883
5488
6432
9512
3025
367
1423
2919
5043
313
1477
5659
7692
4550
2569
7652
3171
2866
2882
2483
9662
1235
877
4431
6933
2301
238
8427
9354
1282
5620
1806
7453
6521
6968
3953
4086
9037
9296
1040
1601
1688
2035
5079
1616
7826
4344
4189
6731
3774
1319
6770
4722
1994
4264
4945
1474
6888
271
6624
8080
6458
3009
4012
8831
3704
839
3731
8630
4276
4702
362
7648
2982
2903
4007
5533
5621
6586
2164
2445
1612
9834
3842
7987
5302
9558
2724
6456
787
9872
5161
2123
165
8554
8792
6681
5448
5778
1604
9498
9748
455
562
5968
5035
3844
5744
2789
4327
2946
6385
2513
7691
6734
5707
9707
3263
2760
286
2220
1972
5422
6103
62
1224
6184
5196
3655
9833
1255
9524
4886
7884
9390
7855
8827
3533
2262
3397
364
8739
2134
4378
8055
3235
6630
5672
6958
5052
9768
9191
4282
5810
5039
4288
960
9291
3278
9943
7345
1430
4660
3608
5310
8540
3701
3629
9031
6412
8397
187
8686
8997
7421
5500
3088
2733
6417
3382
7921
3437
1084
631
6250
2629
1197
1584
4979
8025
8560
1475
5542
7918
7194
7568
9210
5199
7818
9566
4660
664
6408
50
1087
5924
5003
1858
7307
5645
1861
4458
7474
839
322
7874
2128
9536
6971
46
7961
3001
4752
7054
1655
6170
7991
2007
985
4825
4156
2728
4825
1866
9321
7498
3131
6805
4719
8332
6971
6555
262
4568
5170
6189
3174
1180
6701
5742
4452
8768
6549
8797
3760
5284
1286
4942
1992
1116
4942
4490
4949
2504
2489
45
723
4953
5853
2854
5183
8204
9769
8887
112
6055
1685
7212
2422
776
8568
8334
2701
6319
4673
4371
2484
1423
4807
8734
1964
8021
5884
9566
2984
374
1972
7011
7389
6138
182
559
3376
4822
7075
5230
7098
4369
526
1630
3784
7174
4462
7423
6375
2522
5375
7020
4194
3626
8137
2964
7800
2812
722
9148
3382
6062
4065
8168
9452
4366
1051
6036
2771
9121
3334
7807
4943
1876
1208
4626
9719
8529
3403
647
3217
4783
5319
8919
6452
2969
7446
9572
2458
9909
9894
8549
2460
6286
2840
7101
5246
2823
7528
7631
9664
2225
4204
9564
1216
7670
4716
1239
1923
3950
8986
7922
3722
9964
9969
5702
936
9083
3478
2589
8508
4341
789
435
88
4426
7813
481
6697
9105
3653
494
1017
2041
2102
5472
2940
1777
735
8804
3991
8294
415
4605
6401
8752
9934
4839
8478
1771
723
3174
4339
801
9433
5528
6666
5934
458
9892
7327
1852
4834
5607
8865
6373
1072
9862
5785
1335
4756
5575
3147
9249
4277
5631
3100
5710
788
7715
8242
9304
1430
4526
2815
6384
2089
1780
9145
868
1748
7752
9728
5486
6991
5758
4157
3339
6515
1286
1095
7281
9434
1000
6016
743
1523
4554
5005
7292
7705
8968
172
50
7956
4389
8820
3237
4401
5931
427
218
6429
631
5027
845
9099
7420
2143
9839
128
1922
9558
1081
8204
2532
4488
9899
5767
7319
9570
6532
8032
4121
8956
9434
7822
3363
6317
3210
7546
5126
156
3578
493
4277
2074
9091
1287
9555
3078
9731
4793
2980
5052
3807
7260
4909
6716
1134
8314
7756
4917
4653
7040
638
9433
2471
898
6894
4226
7788
4578
9758
4098
6475
9564
5036
3887
7738
9977
7385
3719
6271
191
3818
9989
8984
2745
391
7005
4578
7904
5706
6151
8645
2550
4994
4916
6932
7402
7936
5042
3205
6257
9793
5417
1627
2994
7751
7920
9418
8755
9472
3524
2346
3880
9518
4682
5548
2485
5651
6475
4004
7543
6443
4747
7387
2037
5582
779
7268
1805
4210
6819
8953
4924
1513
8929
6369
8696
2161
1128
2316
8014
7623
3981
4896
6272
5578
7806
9162
5221
7654
7015
7225
8338
4471
1765
3272
3417
7175
2894
6196
8208
6279
7616
5943
666
8754
1608
112
7848
5765
8004
3119
653
2329
6950
7748
2944
1688
7074
9571
5011
2456
2225
9254
5998
548
2342
2069
9930
2443
1602
1388
4732
4926
3721
9171
3341
839
4063
4120
923
3995
7904
2971
6242
1932
2420
3947
6766
5815
1234
7010
6799
7101
4194
4251
9216
494
1402
5773
8733
5790
7393
2738
7232
4227
8363
1862
4371
9002
468
2589
6348
7863
443
33
5799
5112
1334
8834
9225
1525
5914
4421
6333
5010
2828
5547
8976
4343
6273
3718
9309
7447
7757
568
1222
9262
9124
8349
3199
1148
8664
3821
9232
2896
7458
9106
6898
2309
397
2054
8374
5256
894
3888
1521
719
771
1747
4316
4393
7881
7224
7086
6568
552
9007
5979
5327
4249
540
8790
1939
8655
8926
9439
8940
2782
2515
9483
7025
9571
4841
2669
9645
3309
2900
7836
1474
7094
3506
3767
5375
5913
2824
7607
6306
2065
